2014-01-02,61.349998,61.369999,60.529999,60.790001,52.180298,285200
2014-01-03,60.91,61.119999,60.740002,60.84,52.223217,352600
2014-01-06,60.560001,60.560001,59.900002,60.16,51.639526,297500
2014-01-07,60.209999,60.240002,59.650002,59.759998,51.296177,255300
2014-01-08,60.080002,60.080002,59.34,59.380001,50.969997,1979200
2014-01-09,58.849998,58.849998,58.200001,58.380001,50.111629,1363600
2014-01-10,58.869999,59.060001,58.57,59.0,50.643822,1038800
2014-01-13,58.400002,58.98,58.279999,58.369999,50.103043,483300
2014-01-14,58.560001,58.669998,58.290001,58.450001,50.171711,533600
2014-01-15,58.299999,58.779999,58.209999,58.669998,50.360546,422900
2014-01-16,60.900002,61.130001,60.669998,61.110001,52.454975,792300
2014-01-17,61.919998,62.110001,61.610001,61.720001,52.978584,631200
2014-01-21,61.279999,61.279999,60.73,61.02,52.377724,555100
2014-01-22,60.720001,60.84,60.450001,60.650002,52.060127,506500
2014-01-23,60.759998,60.799999,59.950001,60.25,51.716778,957400
2014-01-24,59.779999,59.82,58.330002,58.360001,50.094456,953500
2014-01-27,59.639999,59.689999,58.560001,58.939999,50.592316,680100
2014-01-28,59.619999,59.889999,59.509998,59.84,51.364849,476200
2014-01-29,58.779999,59.830002,58.759998,59.099998,50.729645,575600
2014-01-30,59.650002,59.93,59.200001,59.720001,51.261841,601200
2014-01-31,58.540001,59.139999,58.419998,58.959999,50.609482,536500
2014-02-03,58.639999,58.75,57.200001,57.240002,49.133083,579900
2014-02-04,57.200001,57.869999,57.07,57.82,49.630939,1044100
2014-02-05,57.09,57.799999,57.029999,57.669998,49.502182,629700
2014-02-06,57.720001,58.68,57.720001,58.68,50.369137,852100
2014-02-07,58.900002,59.700001,58.639999,59.619999,51.176006,477900
2014-02-10,59.450001,59.75,59.349998,59.560001,51.124508,341100
2014-02-11,60.02,61.32,59.970001,61.209999,52.54081,585800
2014-02-12,61.860001,61.91,61.509998,61.77,53.0215,389300
2014-02-13,61.290001,62.290001,61.169998,62.290001,53.467857,459700
2014-02-14,63.139999,63.439999,63.009998,63.18,54.231804,417600
2014-02-18,65.099998,65.32,64.709999,65.209999,55.974289,976200
2014-02-19,64.839996,65.779999,64.760002,64.82,55.639526,645600
2014-02-20,65.279999,65.910004,65.18,65.779999,56.463554,1048700
2014-02-21,66.160004,66.290001,65.190002,65.230003,55.991463,854100
2014-02-24,64.699997,65.370003,64.580002,65.080002,55.862709,710100
2014-02-25,64.459999,64.540001,63.709999,63.849998,54.806908,595500
2014-02-26,63.799999,63.959999,63.43,63.630001,54.618073,493400
2014-02-27,63.84,64.309998,63.709999,64.120003,55.038677,383900
2014-02-28,64.050003,64.620003,63.919998,64.18,55.090172,414900
2014-03-03,63.509998,63.779999,63.040001,63.169998,54.223217,529600
2014-03-04,64.110001,64.519997,63.990002,64.18,55.090172,698100
2014-03-05,62.779999,63.209999,62.580002,62.959999,55.055195,490800
2014-03-06,63.240002,63.610001,63.029999,63.09,55.168877,448600
2014-03-07,62.369999,62.389999,61.459999,61.830002,54.067066,663700
2014-03-10,60.580002,60.66,60.099998,60.599998,52.991497,379700
2014-03-11,60.529999,61.029999,59.619999,59.73,52.230728,497100
2014-03-12,59.27,59.790001,59.18,59.740002,52.239475,536200
2014-03-13,60.369999,60.599998,59.029999,59.139999,51.714802,765600
2014-03-14,59.290001,59.759998,59.139999,59.189999,51.758526,343900
2014-03-17,60.450001,60.73,59.959999,60.09,52.545532,730300
2014-03-18,60.110001,60.689999,60.060001,60.380001,52.799122,348700
2014-03-19,59.77,59.84,58.380001,58.610001,51.251347,742400
2014-03-20,58.32,59.290001,58.220001,58.73,51.356285,619500
2014-03-21,59.560001,59.849998,59.110001,59.18,51.749786,566400
2014-03-24,59.950001,59.990002,59.049999,59.619999,52.134541,397100
2014-03-25,60.560001,61.240002,60.560001,61.09,53.419975,592100
2014-03-26,61.529999,61.630001,60.25,60.43,52.842838,857700
2014-03-27,60.599998,61.040001,60.529999,60.98,53.323784,563000
2014-03-28,61.700001,61.939999,61.560001,61.700001,53.953384,468000
2014-03-31,61.880001,61.950001,61.27,61.759998,54.005859,542300
2014-04-01,62.869999,63.0,62.43,62.900002,55.002724,484400
2014-04-02,63.810001,64.059998,63.599998,63.849998,55.83345,549200
2014-04-03,63.630001,64.050003,63.23,63.990002,55.955875,534300
2014-04-04,64.779999,65.18,64.220001,64.269997,56.200714,731000
2014-04-07,63.889999,64.260002,63.580002,63.93,55.903408,795300
2014-04-08,63.970001,65.300003,63.959999,65.059998,56.891525,687300
2014-04-09,65.550003,65.699997,64.989998,65.599998,57.363728,559000
2014-04-10,64.650002,64.989998,64.209999,64.360001,56.279423,762200
2014-04-11,63.630001,64.129997,63.599998,63.869999,55.850941,668900
2014-04-14,64.279999,65.0,64.080002,64.790001,56.65543,408100
2014-04-15,63.900002,63.900002,62.799999,63.400002,55.439949,1572300
2014-04-16,64.339996,64.459999,63.810001,64.389999,56.305653,534600
2014-04-17,63.990002,64.620003,63.959999,64.370003,56.288166,334800
2014-04-21,64.57,64.760002,63.880001,64.139999,56.087044,274100
2014-04-22,64.830002,64.839996,64.349998,64.540001,56.436817,367900
2014-04-23,64.5,64.669998,64.080002,64.57,56.463051,353900
2014-04-24,64.889999,64.910004,64.400002,64.660004,56.541759,374000
2014-04-25,64.660004,64.849998,64.370003,64.599998,56.489285,337700
2014-04-28,64.110001,64.160004,63.529999,63.91,55.88591,485100
2014-04-29,64.209999,64.660004,64.129997,64.489998,56.393097,407400
2014-04-30,64.790001,64.900002,64.550003,64.699997,56.576729,521700
2014-05-01,64.099998,64.290001,63.599998,63.919998,55.894661,373200
2014-05-02,64.519997,65.339996,64.360001,64.959999,56.804085,454300
2014-05-05,64.720001,64.790001,64.339996,64.790001,56.65543,366500
2014-05-06,64.699997,65.199997,64.57,64.919998,56.769104,317400
2014-05-07,64.449997,65.190002,64.360001,65.029999,56.865299,386400
2014-05-08,64.989998,65.080002,64.610001,64.690002,56.567989,287900
2014-05-09,64.790001,64.809998,63.799999,64.18,56.122013,363200
2014-05-12,65.620003,66.0,65.519997,65.82,57.55611,610000
2014-05-13,66.080002,66.330002,65.790001,66.089996,57.792213,397500
2014-05-14,66.480003,67.150002,66.370003,66.639999,58.273151,406400
2014-05-15,67.169998,67.169998,66.239998,66.730003,58.35186,547600
2014-05-16,65.639999,65.739998,65.32,65.660004,57.41621,338000
2014-05-19,65.110001,65.360001,65.0,65.349998,57.145111,428900
2014-05-20,64.400002,64.650002,63.790001,63.939999,55.912155,336100
2014-05-21,64.5,64.550003,64.059998,64.43,56.34063,770400
2014-05-22,65.129997,65.360001,65.029999,65.260002,57.066422,494900
2014-05-23,65.059998,65.660004,65.050003,65.43,57.21508,220200
2014-05-27,65.550003,65.599998,65.209999,65.389999,57.180099,281700
2014-05-28,64.230003,64.330002,63.950001,63.98,55.947128,550400
2014-05-29,64.32,64.93,64.300003,64.849998,56.707897,195800
2014-05-30,63.040001,63.09,62.369999,62.650002,54.784115,723000
2014-06-02,63.0,63.419998,62.919998,63.34,55.387486,575100
2014-06-03,62.400002,62.790001,62.220001,62.73,54.854069,553000
2014-06-04,63.0,63.099998,62.700001,62.82,54.932774,777200
2014-06-05,63.009998,63.200001,62.68,63.060001,55.142643,435600
2014-06-06,63.459999,63.68,63.279999,63.580002,55.597351,241900
2014-06-09,63.75,63.970001,63.689999,63.799999,55.789726,272700
2014-06-10,63.209999,63.369999,62.919998,63.310001,55.361248,383100
2014-06-11,63.279999,63.599998,63.16,63.450001,55.483673,301200
2014-06-12,62.689999,62.919998,62.259998,62.349998,54.521778,299200
2014-06-13,62.43,62.810001,62.380001,62.740002,54.862812,265500
2014-06-16,63.5,63.709999,63.200001,63.299999,55.352505,607600
2014-06-17,62.34,63.07,62.080002,63.060001,55.142643,584700
2014-06-18,63.209999,64.160004,63.110001,64.110001,56.06081,465000
2014-06-19,65.139999,65.260002,64.489998,64.75,56.620453,555500
2014-06-20,64.650002,64.75,64.459999,64.75,56.620453,421200
2014-06-23,65.730003,66.120003,65.43,66.059998,57.76598,353300
2014-06-24,65.629997,65.650002,64.650002,64.720001,56.594219,423800
2014-06-25,64.339996,64.629997,64.309998,64.519997,56.419327,285100
2014-06-26,64.370003,64.889999,64.139999,64.839996,56.69915,391300
2014-06-27,64.75,65.220001,64.709999,65.150002,56.970234,234300
2014-06-30,64.779999,65.260002,64.529999,65.230003,57.040192,458600
2014-07-01,66.019997,66.620003,65.959999,66.389999,58.05455,413700
2014-07-02,66.75,67.43,66.739998,67.220001,58.780334,333800
2014-07-03,67.919998,68.540001,67.660004,68.370003,59.785957,393500
2014-07-07,68.080002,68.519997,68.040001,68.220001,59.654781,379700
2014-07-08,68.160004,68.160004,67.599998,67.779999,59.270027,473400
2014-07-09,67.599998,67.989998,67.480003,67.849998,59.331238,236100
2014-07-10,66.720001,67.099998,66.620003,66.739998,58.360596,475600
2014-07-11,66.75,67.440002,66.739998,67.290001,58.841549,411100
2014-07-14,68.279999,68.279999,67.870003,68.040001,59.497387,780800
2014-07-15,69.029999,69.089996,67.959999,68.589996,59.978329,721800
2014-07-16,69.370003,69.830002,69.300003,69.760002,61.001434,282300
2014-07-17,68.550003,69.080002,68.050003,68.220001,59.654781,296900
2014-07-18,68.18,68.709999,68.139999,68.709999,60.08326,281100
2014-07-21,68.5,68.940002,68.389999,68.849998,60.205688,193600
2014-07-22,70.050003,70.290001,69.860001,70.160004,61.351215,306800
2014-07-23,70.010002,70.540001,69.989998,70.169998,61.359955,281000
2014-07-24,70.309998,70.709999,70.18,70.400002,61.561085,368200
2014-07-25,70.57,70.709999,70.349998,70.550003,61.692245,264100
2014-07-28,70.5,70.82,70.080002,70.57,61.709732,220900
2014-07-29,70.809998,71.440002,70.699997,71.019997,62.10323,624800
2014-07-30,69.910004,69.970001,68.970001,69.57,60.835293,891500
2014-07-31,69.029999,69.110001,68.080002,68.160004,59.602325,681300
2014-08-01,67.639999,68.029999,67.370003,67.709999,59.20882,456100
2014-08-04,67.809998,68.690002,67.650002,68.540001,59.934608,409200
2014-08-05,68.129997,68.129997,67.230003,67.610001,59.121365,467700
2014-08-06,67.480003,68.800003,67.480003,68.57,59.960835,507900
2014-08-07,68.050003,68.150002,66.739998,67.18,58.745358,606300
2014-08-08,67.190002,67.690002,66.830002,67.68,59.182583,343800
2014-08-11,68.370003,68.790001,68.330002,68.639999,60.022053,593200
2014-08-12,68.239998,68.540001,67.989998,68.419998,59.82967,311200
2014-08-13,67.900002,68.190002,67.660004,68.07,59.523617,245200
2014-08-14,67.739998,67.900002,67.339996,67.760002,59.252537,290600
2014-08-15,69.110001,69.410004,68.370003,69.199997,60.511742,1338400
2014-08-18,69.150002,69.559998,68.849998,69.519997,60.791565,536100
2014-08-19,65.790001,65.849998,65.050003,65.220001,57.031445,2177700
2014-08-20,65.779999,66.330002,65.720001,66.019997,57.730999,723100
2014-08-21,65.559998,65.669998,65.32,65.57,57.337502,454800
2014-08-22,64.690002,64.800003,64.190002,64.620003,56.506779,594800
2014-08-25,64.910004,64.910004,64.459999,64.610001,56.498032,344100
2014-08-26,64.57,64.709999,64.370003,64.470001,56.37561,433600
2014-08-27,64.82,64.900002,64.529999,64.800003,56.664181,403100
2014-08-28,63.310001,63.380001,62.73,63.040001,55.125149,734600
2014-08-29,63.110001,63.529999,62.970001,63.48,55.509903,370500
2014-09-02,63.830002,63.830002,63.209999,63.549999,55.571114,538100
2014-09-03,62.669998,62.740002,62.209999,62.25,55.517605,388300
2014-09-04,62.650002,62.759998,61.830002,62.029999,55.321396,903900
2014-09-05,61.57,62.200001,61.52,62.119999,55.401665,486700
2014-09-08,61.209999,61.380001,60.759998,60.919998,54.331444,449100
2014-09-09,60.689999,60.709999,60.220001,60.59,54.037136,868100
2014-09-10,60.52,60.740002,60.040001,60.700001,54.135239,406500
2014-09-11,60.02,60.389999,59.869999,60.330002,53.805252,569100
2014-09-12,60.299999,60.450001,60.029999,60.200001,53.689316,331800
2014-09-15,60.080002,60.09,59.66,59.82,53.350414,315600
2014-09-16,59.450001,61.040001,59.43,60.66,54.099567,804600
2014-09-17,60.189999,60.209999,59.169998,59.27,52.859894,1033300
2014-09-18,59.43,59.779999,59.310001,59.48,53.04718,453300
2014-09-19,59.529999,59.540001,58.509998,58.630001,52.289112,802900
2014-09-22,57.580002,57.59,56.59,56.830002,50.683781,898800
2014-09-23,57.110001,57.41,56.950001,57.16,50.978096,707800
2014-09-24,58.610001,58.959999,57.970001,58.68,52.333702,1130200
2014-09-25,57.459999,57.470001,56.48,56.689999,50.558922,1180400
2014-09-26,56.380001,56.700001,56.25,56.549999,50.434071,931400
2014-09-29,55.700001,56.220001,55.610001,55.869999,49.827606,601300
2014-09-30,55.57,55.950001,55.240002,55.529999,49.524376,833600
2014-10-01,55.049999,55.27,54.459999,54.650002,48.739552,1454000
2014-10-02,54.720001,54.860001,53.790001,54.73,48.810898,1114800
2014-10-03,53.189999,53.25,52.439999,52.91,47.187737,1318900
2014-10-06,54.029999,55.169998,53.540001,54.380001,48.498753,1605700
2014-10-07,54.23,54.259998,53.459999,53.48,47.696087,1183300
2014-10-08,53.669998,54.93,53.169998,54.84,48.909,1016100
2014-10-09,54.689999,54.720001,53.189999,53.32,47.553391,1146700
2014-10-10,52.290001,52.700001,51.73,51.860001,46.251293,1171200
2014-10-13,53.349998,53.939999,52.950001,52.959999,47.232327,1219100
2014-10-14,53.84,54.529999,53.580002,53.900002,48.070667,1205500
2014-10-15,53.07,53.82,52.349998,53.66,47.856621,1903700
2014-10-16,52.23,54.139999,52.18,53.610001,47.812031,1820500
2014-10-17,54.110001,54.529999,53.869999,54.290001,48.418488,820600
2014-10-20,53.880001,54.150002,53.639999,54.02,48.177689,679100
2014-10-21,54.860001,55.139999,54.5,54.82,48.891167,857200
2014-10-22,53.869999,53.900002,53.099998,53.240002,47.482048,1097800
2014-10-23,53.34,53.509998,53.110001,53.290001,47.526638,646200
2014-10-24,52.759998,52.900002,52.43,52.860001,47.143139,1144800
2014-10-27,51.98,52.459999,51.880001,52.34,46.679382,1012000
2014-10-28,52.959999,53.279999,52.759998,53.220001,47.464211,638900
2014-10-29,53.290001,53.490002,51.959999,52.299999,46.643707,625400
2014-10-30,51.52,52.200001,51.09,51.93,46.313717,807000
2014-10-31,51.59,52.189999,51.32,52.040001,46.411827,1594100
2014-11-03,52.34,52.349998,51.490002,51.82,46.215618,827200
2014-11-04,51.959999,51.98,51.419998,51.759998,46.162106,445400
2014-11-05,51.639999,52.080002,51.23,51.689999,46.099678,895000
2014-11-06,51.91,52.110001,51.68,51.810001,46.206699,761100
2014-11-07,53.169998,53.650002,53.09,53.459999,47.678253,700700
2014-11-10,53.959999,53.970001,52.889999,53.02,47.285835,791100
2014-11-11,52.400002,53.029999,52.360001,52.93,47.205574,580400
2014-11-12,52.540001,52.950001,52.27,52.560001,46.875587,771900
2014-11-13,52.099998,52.540001,51.93,52.18,46.536686,573400
2014-11-14,51.23,52.57,51.23,52.529999,46.848831,685800
2014-11-17,52.580002,52.779999,52.169998,52.560001,46.875587,497400
2014-11-18,52.400002,52.439999,51.82,52.110001,46.474258,682500
2014-11-19,51.459999,51.48,50.709999,50.919998,45.412952,1209400
2014-11-20,49.490002,50.259998,49.490002,50.169998,44.744064,999200
2014-11-21,52.380001,52.93,51.939999,52.150002,46.509926,1206400
2014-11-24,51.57,51.599998,50.810001,51.0,45.484303,939000
2014-11-25,50.259998,50.68,50.009998,50.450001,44.993786,912800
2014-11-26,50.77,50.990002,50.48,50.84,45.341602,648500
2014-11-28,48.07,48.099998,47.200001,47.25,42.139874,945500
2014-12-01,47.139999,47.419998,46.470001,47.18,42.077442,1243200
2014-12-02,47.66,47.950001,47.080002,47.279999,42.166622,1119700
2014-12-03,47.290001,48.16,47.25,47.740002,42.576878,1306000
2014-12-04,47.049999,47.400002,46.810001,47.130001,42.032848,995500
2014-12-05,46.32,46.349998,45.75,46.09,41.105324,1302100
2014-12-08,45.189999,45.349998,44.77,44.919998,40.061855,1143600
2014-12-09,43.93,45.349998,43.860001,44.630001,39.803226,1392600
2014-12-10,44.049999,44.049999,43.220001,43.369999,38.679493,1575200
2014-12-11,42.389999,43.16,42.330002,42.669998,38.055195,1849500
2014-12-12,41.970001,42.25,41.419998,41.419998,36.940388,1845600
2014-12-15,40.860001,41.150002,39.84,39.880001,35.56694,1752300
2014-12-16,40.450001,41.639999,40.119999,40.799999,36.387444,2503400
2014-12-17,41.02,42.43,40.880001,41.779999,37.261452,2144000
2014-12-18,42.32,42.509998,41.509998,42.290001,37.716297,1758000
2014-12-19,42.389999,43.849998,42.27,43.810001,39.071907,2275600
2014-12-22,43.48,43.549999,42.720001,42.860001,38.224655,1603700
2014-12-23,42.5,43.360001,42.48,43.049999,38.394104,1300900
2014-12-24,42.779999,42.959999,42.349998,42.860001,38.224655,540300
2014-12-26,43.18,43.740002,43.060001,43.360001,38.670574,718200
2014-12-29,43.740002,44.060001,43.549999,43.66,38.938133,895000
2014-12-30,43.299999,43.75,43.299999,43.369999,38.679493,1046500
2014-12-31,43.310001,43.439999,42.959999,43.0,38.34951,739800
2015-01-02,42.700001,42.959999,42.259998,42.720001,38.099792,1115600
2015-01-05,40.759998,40.869999,40.18,40.740002,36.333931,2165400
2015-01-06,40.07,41.02,40.07,40.529999,36.146641,1693000
2015-01-07,40.700001,41.209999,40.5,41.009998,36.574726,1262700
2015-01-08,41.549999,42.220001,41.43,42.029999,37.484417,1300500
2015-01-09,41.959999,42.119999,41.599998,41.98,37.439827,1244100
2015-01-12,41.130001,41.43,40.619999,41.27,36.80661,1281500
2015-01-13,41.490002,41.549999,40.540001,40.869999,36.449871,1271700
2015-01-14,38.619999,39.669998,38.540001,39.66,35.370735,2306300
2015-01-15,41.09,41.48,40.759998,40.990002,36.556896,1929200
2015-01-16,42.0,42.52,41.84,42.470001,37.876827,1254600
2015-01-20,42.349998,42.57,41.950001,42.279999,37.707375,1379300
2015-01-21,42.540001,43.48,42.450001,43.439999,38.74192,1291000
2015-01-22,44.110001,44.25,43.650002,44.07,39.303787,1254400
2015-01-23,42.990002,43.150002,42.66,42.759998,38.135464,1656700
2015-01-26,42.419998,43.52,42.18,43.419998,38.724087,1667300
2015-01-27,43.130001,43.59,42.860001,43.43,38.733006,1461100
2015-01-28,43.450001,43.5,42.709999,42.779999,38.153305,1790100
2015-01-29,43.32,43.349998,42.509998,43.09,38.429775,1491600
2015-01-30,43.459999,44.189999,43.169998,43.689999,38.964886,1263600
2015-02-02,44.419998,45.139999,44.34,45.07,40.195641,1624400
2015-02-03,46.860001,47.779999,46.740002,47.68,42.523361,2455900
2015-02-04,46.369999,46.73,46.119999,46.32,41.310452,1760100
2015-02-05,46.200001,47.23,46.139999,47.18,42.077442,1529500
2015-02-06,46.259998,46.389999,45.720001,45.93,40.962627,1277500
2015-02-09,46.279999,47.23,46.279999,46.860001,41.792049,942400
2015-02-10,46.169998,46.189999,45.369999,45.799999,40.846687,1027000
2015-02-11,45.130001,45.490002,44.48,45.419998,40.507782,984000
2015-02-12,46.299999,46.639999,45.959999,46.459999,41.435307,1764700
2015-02-13,47.779999,48.84,47.779999,48.82,43.540077,1399000
2015-02-17,48.990002,49.16,48.619999,49.060001,43.754116,1829100
2015-02-18,48.040001,49.490002,48.040001,49.0,43.700603,1601600
2015-02-19,48.400002,48.830002,48.009998,48.549999,43.299271,1971800
2015-02-20,48.529999,48.950001,48.470001,48.73,43.459801,936700
2015-02-23,48.049999,48.330002,47.560001,47.950001,42.764168,1049900
2015-02-24,50.669998,51.52,50.360001,51.130001,45.600243,2025400
2015-02-25,51.099998,51.259998,50.630001,51.040001,45.519981,1156100
2015-02-26,50.580002,50.639999,49.779999,49.919998,44.521107,1120200
2015-02-27,50.18,50.330002,50.0,50.200001,44.770824,938200
2015-03-02,49.330002,49.41,48.91,49.400002,44.057346,1473600
2015-03-03,49.150002,49.669998,49.080002,49.299999,43.968159,1205600
2015-03-04,48.66,48.68,48.080002,48.5,43.254681,889000
2015-03-05,48.580002,48.630001,48.110001,48.209999,42.99604,663300
2015-03-06,47.16,47.369999,46.509998,46.779999,41.720699,1486900
2015-03-09,46.869999,46.970001,46.52,46.869999,41.800961,580800
2015-03-10,45.34,45.57,44.57,44.68,39.847813,1366300
2015-03-11,43.02,43.27,42.490002,43.110001,39.545105,1016500
2015-03-12,44.080002,44.110001,42.799999,42.950001,39.398338,1299700
2015-03-13,42.060001,42.07,41.049999,41.639999,38.196663,1761400
2015-03-16,41.950001,42.549999,41.599998,42.549999,39.031414,947100
2015-03-17,43.169998,43.68,43.02,43.43,39.838642,1114100
2015-03-18,43.0,44.369999,42.700001,44.25,40.590836,968400
2015-03-19,44.34,44.34,43.720001,43.889999,40.260605,815400
2015-03-20,45.09,46.240002,44.869999,45.919998,42.122738,1626600
2015-03-23,47.34,47.810001,47.099998,47.639999,43.700504,1491000
2015-03-24,48.0,48.029999,47.169998,47.299999,43.388622,1518500
2015-03-25,47.419998,47.650002,46.869999,46.869999,42.994179,832900
2015-03-26,46.599998,46.810001,45.669998,45.889999,42.095219,769900
2015-03-27,45.119999,45.189999,44.59,44.959999,41.242123,825600
2015-03-30,45.040001,45.41,44.84,45.279999,41.53566,936600
2015-03-31,43.939999,44.349998,43.790001,44.259998,40.60001,1339900
2015-04-01,43.450001,44.009998,43.439999,43.880001,40.251434,1042400
2015-04-02,42.82,43.040001,42.490002,43.02,39.462547,1262700
2015-04-06,43.299999,44.200001,43.200001,43.869999,40.242264,813200
2015-04-07,43.32,44.09,43.23,43.720001,40.104664,1399300
2015-04-08,44.900002,44.970001,43.799999,44.009998,40.370682,677500
2015-04-09,43.209999,43.52,42.830002,43.119999,39.554283,954600
2015-04-10,42.790001,43.07,42.66,43.060001,39.499241,1142300
2015-04-13,41.900002,42.060001,41.220001,41.32,37.90313,1000500
2015-04-14,42.900002,43.470001,42.720001,43.240002,39.664356,958400
2015-04-15,43.759998,43.950001,43.32,43.759998,40.141354,881300
2015-04-16,44.509998,44.580002,43.77,44.060001,40.416546,789800
2015-04-17,43.07,43.580002,43.029999,43.490002,39.893688,1800800
2015-04-20,43.799999,44.470001,43.68,44.110001,40.462414,561800
2015-04-21,43.799999,44.0,43.299999,43.549999,39.948719,1157900
2015-04-22,44.330002,44.84,44.09,44.84,41.13205,941500
2015-04-23,45.290001,46.560001,45.18,46.349998,42.517178,715200
2015-04-24,47.880001,48.029999,47.5,47.75,43.801407,715800
2015-04-27,47.43,48.110001,47.419998,47.689999,43.746372,796300
2015-04-28,48.959999,49.110001,48.580002,48.84,44.801277,701000
2015-04-29,48.130001,48.790001,47.869999,48.560001,44.54443,503500
2015-04-30,47.59,48.48,47.400002,48.299999,44.305927,706400
2015-05-01,49.630001,49.68,48.549999,49.189999,45.12233,677000
2015-05-04,49.27,49.330002,48.919998,49.169998,45.103989,491800
2015-05-05,49.380001,49.700001,49.0,49.07,45.012257,703900
2015-05-06,49.25,49.330002,48.32,48.540001,44.526085,553200
2015-05-07,47.43,47.5,46.599998,47.400002,43.480354,1008400
2015-05-08,47.919998,48.400002,47.34,48.150002,44.168335,705300
2015-05-11,48.66,49.18,48.57,48.869999,44.828796,727100
2015-05-12,48.779999,49.630001,48.610001,49.27,45.195717,681600
2015-05-13,49.189999,49.66,49.049999,49.150002,45.085644,486300
2015-05-14,49.150002,49.560001,48.650002,48.849998,44.810448,517700
2015-05-15,48.330002,48.740002,48.040001,48.669998,44.645332,750000
2015-05-18,46.110001,46.299999,45.689999,45.790001,42.00349,691000
2015-05-19,43.810001,43.93,43.48,43.599998,39.994587,885400
2015-05-20,43.860001,43.939999,43.43,43.599998,39.994587,589300
2015-05-21,44.139999,44.439999,43.84,44.110001,40.462414,450700
2015-05-22,44.080002,44.349998,43.669998,43.73,40.113831,448700
2015-05-26,43.18,43.200001,42.310001,42.549999,39.031414,890700
2015-05-27,42.16,42.709999,41.990002,42.619999,39.095627,833500
2015-05-28,42.09,42.450001,41.77,42.380001,38.875473,925600
2015-05-29,42.529999,42.66,42.169998,42.310001,38.81126,1101100
2015-06-01,42.310001,42.369999,41.27,41.57,38.132454,729900
2015-06-02,41.849998,42.880001,41.82,42.66,39.13232,1019900
2015-06-03,42.130001,42.459999,41.790001,41.889999,38.425991,628900
2015-06-04,41.369999,41.619999,40.639999,40.860001,37.481167,960500
2015-06-05,40.32,41.119999,40.16,40.799999,37.426125,634300
2015-06-08,40.52,40.700001,40.07,40.450001,37.105072,914500
2015-06-09,40.619999,40.810001,40.150002,40.380001,37.040859,701600
2015-06-10,41.91,42.23,41.68,41.939999,38.471855,1437800
2015-06-11,41.799999,41.91,41.34,41.82,38.361782,1029700
2015-06-12,41.959999,41.98,41.619999,41.799999,38.343433,556100
2015-06-15,41.130001,41.470001,41.060001,41.23,37.820568,545000
2015-06-16,41.009998,41.349998,40.93,41.299999,37.884777,496700
2015-06-17,41.400002,41.740002,40.880001,41.580002,38.141628,795900
2015-06-18,42.470001,42.68,41.889999,42.470001,38.958027,671300
2015-06-19,42.299999,42.43,42.0,42.0,38.526897,604000
2015-06-22,42.619999,42.790001,42.330002,42.41,38.902992,541900
2015-06-23,42.43,43.110001,42.419998,43.110001,39.545105,519000
2015-06-24,43.310001,43.720001,43.080002,43.139999,39.572628,1394200
2015-06-25,42.709999,42.77,41.900002,41.970001,38.499374,608400
2015-06-26,41.470001,41.57,41.060001,41.330002,37.9123,623300
2015-06-29,40.77,41.310001,40.639999,40.650002,37.288528,788700
2015-06-30,40.560001,40.599998,39.32,39.560001,36.288666,929400
2015-07-01,39.470001,39.57,39.09,39.189999,35.949261,745400
2015-07-02,39.91,40.290001,39.709999,39.869999,36.573032,764000
2015-07-06,38.279999,38.560001,37.959999,38.330002,35.160385,861900
2015-07-07,37.27,37.98,36.509998,37.880001,34.747589,1177900
2015-07-08,36.860001,37.009998,36.169998,36.380001,33.371632,895700
2015-07-09,37.669998,37.830002,36.98,37.0,33.940361,1055300
2015-07-10,38.380001,38.380001,37.889999,38.049999,34.903534,959000
2015-07-13,38.52,39.360001,38.259998,39.040001,35.811668,972100
2015-07-14,39.119999,39.119999,38.52,38.630001,35.43557,665800
2015-07-15,38.73,38.84,37.970001,38.330002,35.160385,867200
2015-07-16,39.209999,39.330002,38.799999,38.919998,35.701588,717800
2015-07-17,39.110001,39.110001,38.610001,38.790001,35.582344,778500
2015-07-20,38.639999,38.799999,38.34,38.439999,35.26128,687200
2015-07-21,38.490002,39.220001,38.470001,38.82,35.609863,1216200
2015-07-22,37.209999,37.459999,36.740002,36.900002,33.848637,840900
2015-07-23,37.080002,37.189999,35.990002,36.220001,33.224861,913900
2015-07-24,35.68,35.709999,34.779999,35.07,32.169956,1617200
2015-07-27,35.259998,35.57,34.84,34.93,32.041534,1271200
2015-07-28,35.75,36.080002,35.48,36.02,33.041397,1263400
2015-07-29,35.830002,36.84,35.830002,36.650002,33.619305,1190000
2015-07-30,36.66,36.77,36.279999,36.48,33.46336,794100
2015-07-31,37.330002,37.330002,36.68,36.75,33.711033,807800
2015-08-03,35.669998,35.77,35.189999,35.360001,32.435978,1450600
2015-08-04,36.16,36.619999,35.990002,36.130001,33.142307,1756000
2015-08-05,37.91,37.970001,37.07,37.119999,34.050438,1086500
2015-08-06,36.34,37.080002,36.029999,36.950001,33.894497,1344100
2015-08-07,36.599998,37.200001,36.59,36.779999,33.738552,905700
2015-08-10,36.52,38.130001,36.389999,38.119999,34.967743,1321100
2015-08-11,36.439999,36.450001,35.759998,36.209999,33.215683,1619100
2015-08-12,35.779999,36.580002,35.450001,36.52,33.50005,1335000
2015-08-13,36.139999,36.299999,35.77,36.110001,33.123962,1023400
2015-08-14,35.990002,36.450001,35.990002,36.290001,33.289074,859300
2015-08-17,35.57,35.630001,35.279999,35.619999,32.674477,927200
2015-08-18,34.66,35.150002,34.580002,35.09,32.188301,1350800
2015-08-19,34.060001,34.52,33.560001,33.959999,31.151749,2819500
2015-08-20,34.490002,34.529999,34.0,34.040001,31.22513,1467200
2015-08-21,33.880001,34.099998,33.009998,33.02,30.289478,1185100
2015-08-24,30.58,31.82,30.24,30.5,27.977863,2203800
2015-08-25,32.27,32.360001,31.190001,31.200001,28.61998,2295200
2015-08-26,32.459999,32.470001,31.17,31.969999,29.326305,1463200
2015-08-27,32.740002,34.48,32.740002,34.380001,31.537018,1715400
2015-08-28,33.91,35.029999,33.869999,34.810001,31.931456,1059400
2015-08-31,34.240002,35.25,33.900002,35.07,32.169956,1293900
2015-09-01,32.619999,33.080002,31.92,32.139999,29.482248,2066900
2015-09-02,33.610001,33.610001,32.439999,33.18,30.436249,1665400
2015-09-03,33.52,34.259998,33.5,33.73,30.940763,1546500
2015-09-04,32.41,32.619999,31.93,32.240002,29.57398,1651000
2015-09-08,33.48,33.830002,33.220001,33.709999,30.922417,1379900
2015-09-09,34.130001,34.220001,32.759998,32.84,31.274786,1389600
2015-09-10,33.009998,33.169998,32.639999,32.779999,31.217646,1413400
2015-09-11,33.049999,33.119999,32.560001,33.040001,31.465254,1311400
2015-09-14,32.709999,33.25,32.209999,33.189999,31.608103,1512400
2015-09-15,32.91,33.52,32.759998,33.310001,31.722387,1825800
2015-09-16,34.18,34.970001,34.139999,34.799999,33.141369,1912700
2015-09-17,34.639999,35.310001,34.34,34.599998,32.950901,1743300
2015-09-18,33.939999,34.48,33.66,33.799999,32.189026,1437800
2015-09-21,33.52,33.75,33.200001,33.330002,31.741432,1099900
2015-09-22,31.690001,32.02,31.469999,31.719999,30.208166,1599600
2015-09-23,32.040001,32.09,31.35,31.360001,29.865326,2303400
2015-09-24,31.110001,31.75,31.02,31.610001,30.103409,1659000
2015-09-25,31.299999,31.459999,30.91,31.040001,29.560577,1097700
2015-09-28,29.799999,29.83,29.190001,29.440001,28.036835,2504600
2015-09-29,29.780001,29.969999,29.389999,29.799999,28.379677,1948200
2015-09-30,30.27,30.719999,30.17,30.67,29.208212,1222700
2015-10-01,31.5,31.74,30.959999,31.27,29.779615,1499800
2015-10-02,31.209999,32.259998,30.84,32.259998,30.722427,1899800
2015-10-05,32.009998,32.860001,31.99,32.639999,31.084318,1786000
2015-10-06,32.27,32.77,32.119999,32.689999,31.131931,4002900
2015-10-07,34.59,34.939999,33.810001,34.380001,32.741386,2989400
2015-10-08,34.869999,35.779999,34.740002,35.669998,33.969902,1121700
2015-10-09,36.330002,36.66,36.25,36.439999,34.703201,1577000
2015-10-12,36.59,36.619999,36.009998,36.150002,34.427025,1538700
2015-10-13,35.049999,35.740002,34.970001,35.130001,33.455643,1201500
2015-10-14,35.830002,36.02,35.419998,35.84,34.131798,1693700
2015-10-15,35.560001,35.82,35.299999,35.82,34.112755,1032600
2015-10-16,35.459999,35.540001,34.880001,35.0,33.331837,915800
2015-10-19,34.369999,34.419998,33.849998,34.0,32.379498,951500
2015-10-20,33.220001,34.02,33.220001,33.700001,32.0938,1292400
2015-10-21,34.16,34.18,33.490002,33.630001,32.027134,987900
2015-10-22,34.110001,34.810001,34.09,34.419998,32.77948,1267300
2015-10-23,35.139999,35.360001,34.700001,34.98,33.31279,1180800
2015-10-26,35.209999,35.220001,34.459999,34.459999,32.81757,782600
2015-10-27,33.509998,33.799999,33.27,33.389999,31.798573,1693500
2015-10-28,32.5,33.82,32.5,33.32,31.731909,1287900
2015-10-29,31.9,32.59,31.9,31.959999,30.436728,1520000
2015-10-30,32.369999,32.5,32.099998,32.25,30.712906,1442000
2015-11-02,31.74,32.099998,31.67,32.0,30.474821,1107000
2015-11-03,32.23,33.09,32.150002,32.849998,31.284309,1136900
2015-11-04,33.560001,33.650002,32.66,32.84,31.274786,1578100
2015-11-05,32.049999,32.119999,31.34,31.540001,30.036747,2325600
2015-11-06,29.43,29.85,29.200001,29.67,28.255875,4905200
2015-11-09,29.26,29.42,28.639999,28.950001,27.57019,3152200
2015-11-10,28.67,28.959999,28.48,28.889999,27.513048,3989800
2015-11-11,28.74,28.75,27.940001,27.98,26.646421,1468100
2015-11-12,26.91,27.370001,26.66,26.799999,25.522663,3202900
2015-11-13,27.309999,27.379999,26.77,27.15,25.855982,2375300
2015-11-16,27.059999,27.4,26.610001,27.139999,25.846457,1603500
2015-11-17,26.959999,26.969999,26.440001,26.49,25.227438,1640500
2015-11-18,26.92,27.24,26.610001,27.1,25.808365,1718400
2015-11-19,27.299999,27.52,27.209999,27.299999,25.998833,1905100
2015-11-20,27.65,27.68,26.83,26.9,25.617895,1472200
2015-11-23,26.469999,26.780001,26.209999,26.27,25.017923,1454000
2015-11-24,26.32,26.809999,26.309999,26.639999,25.370289,1542200
2015-11-25,26.139999,26.16,25.440001,25.530001,24.313194,2124600
2015-11-27,24.290001,24.639999,24.280001,24.59,23.417997,2298800
2015-11-30,23.77,24.299999,23.73,24.25,23.0942,3440700
2015-12-01,24.5,24.870001,24.459999,24.82,23.637033,1740600
2015-12-02,24.379999,24.809999,24.24,24.370001,23.208485,2072800
2015-12-03,24.25,24.35,23.629999,23.74,22.608507,1856500
2015-12-04,23.889999,24.200001,23.75,24.190001,23.037062,2494400
2015-12-07,23.65,23.66,23.040001,23.120001,22.018061,2598500
2015-12-08,21.77,22.1,21.65,21.959999,20.913345,3968500
2015-12-09,22.780001,23.25,22.379999,22.67,21.589506,4210200
2015-12-10,22.379999,22.700001,22.309999,22.469999,21.399038,4204400
2015-12-11,21.360001,21.530001,21.059999,21.16,20.151474,5355800
2015-12-14,20.82,20.959999,20.360001,20.719999,19.732447,4383100
2015-12-15,20.719999,21.129999,20.719999,20.870001,19.875298,3546200
2015-12-16,21.52,21.73,21.219999,21.67,20.637167,2651500
2015-12-17,21.48,21.49,20.959999,21.01,20.008625,3221300
2015-12-18,21.24,21.66,21.219999,21.299999,20.284801,4438400
2015-12-21,21.83,21.99,21.4,21.51,20.484795,2120900
2015-12-22,21.57,22.040001,21.469999,21.93,20.884777,2109000
2015-12-23,23.280001,23.43,22.969999,23.23,22.122816,2468200
2015-12-24,23.200001,23.35,23.049999,23.23,22.122816,567300
2015-12-28,23.1,23.18,22.76,22.959999,21.865683,1312300
2015-12-29,23.059999,23.360001,22.98,23.17,22.065676,1651500
2015-12-30,22.76,22.9,22.559999,22.82,21.732355,1349000
2015-12-31,22.549999,22.879999,22.540001,22.65,21.570461,1307300
