2014-01-02,124.459999,124.879997,123.709999,124.139999,106.571129,4540300
2014-01-03,124.599998,124.889999,123.860001,124.349998,106.751389,3506000
2014-01-06,124.589996,124.800003,123.519997,124.019997,106.468109,4252300
2014-01-07,124.419998,125.32,123.650002,125.07,107.369492,4563300
2014-01-08,124.440002,124.459999,122.75,123.290001,105.841408,8282500
2014-01-09,123.419998,123.419998,122.019997,123.290001,105.841408,5643500
2014-01-10,122.5,122.839996,120.370003,121.010002,103.884102,8127500
2014-01-13,120.809998,120.900002,119.010002,119.25,102.373177,6504200
2014-01-14,119.400002,119.75,118.800003,119.57,102.647881,6904600
2014-01-15,119.690002,120.07,119.050003,119.18,102.31308,5829300
2014-01-16,119.110001,119.290001,118.190002,118.830002,102.012627,5041100
2014-01-17,119.029999,120.379997,118.739998,119.290001,102.407516,7199700
2014-01-21,120.739998,120.889999,119.510002,120.360001,103.326088,5602300
2014-01-22,120.510002,120.760002,119.970001,120.43,103.386169,4977500
2014-01-23,119.839996,119.849998,118.260002,118.389999,101.634872,6205800
2014-01-24,117.870003,118.139999,116.260002,116.290001,99.8321,7094900
2014-01-27,116.260002,117.25,115.879997,116.43,99.952286,6179500
2014-01-28,116.720001,117.029999,116.07,116.839996,100.30426,4303700
2014-01-29,116.139999,116.889999,115.709999,116.0,99.583145,5522100
2014-01-30,116.309998,116.959999,115.18,116.449997,99.969452,5538700
2014-01-31,113.900002,113.900002,111.110001,111.629997,95.831581,15523500
2014-02-03,112.349998,112.459999,110.540001,111.139999,95.41095,11275300
2014-02-04,111.860001,112.040001,110.489998,110.830002,95.144806,9717200
2014-02-05,111.0,111.0,109.269997,109.519997,94.020203,10562900
2014-02-06,110.110001,111.349998,109.910004,111.269997,95.522537,7983300
2014-02-07,111.910004,112.120003,110.389999,112.050003,96.192146,7071800
2014-02-10,112.470001,112.470001,111.080002,111.690002,95.883102,9251300
2014-02-11,112.029999,113.870003,111.949997,113.580002,97.505638,6874700
2014-02-12,112.889999,112.889999,111.809998,112.029999,97.029266,6422100
2014-02-13,111.730003,112.739998,111.18,112.510002,97.445,5061600
2014-02-14,112.580002,113.830002,111.589996,113.480003,98.285118,6776400
2014-02-18,113.860001,114.110001,112.599998,112.709999,97.618217,6106600
2014-02-19,112.550003,115.050003,112.470001,113.599998,98.389053,7989900
2014-02-20,113.510002,115.330002,113.099998,114.599998,99.25515,8406900
2014-02-21,114.720001,114.739998,112.599998,112.68,97.592239,9221100
2014-02-24,113.370003,115.0,113.050003,114.150002,98.86541,7337900
2014-02-25,114.370003,115.440002,114.239998,114.970001,99.5756,5976100
2014-02-26,114.82,115.860001,114.400002,115.510002,100.043304,6113800
2014-02-27,115.660004,115.82,114.559998,115.690002,100.199203,4922600
2014-02-28,115.870003,116.739998,114.809998,115.330002,99.887398,6944600
2014-03-03,114.790001,116.190002,114.260002,114.839996,99.46302,6046200
2014-03-04,115.889999,116.269997,115.260002,115.32,99.878738,5611500
2014-03-05,115.080002,115.260002,114.010002,114.43,99.107903,6703700
2014-03-06,114.709999,115.150002,114.349998,114.849998,99.471664,5179600
2014-03-07,115.07,115.949997,114.639999,115.080002,99.670868,5055600
2014-03-10,115.449997,115.940002,114.120003,115.839996,100.329109,6203000
2014-03-11,115.900002,116.230003,114.239998,114.510002,99.177193,6274300
2014-03-12,114.139999,116.360001,114.129997,115.650002,100.164566,6812900
2014-03-13,115.599998,115.75,114.120003,114.449997,99.125214,5405100
2014-03-14,114.360001,114.900002,113.68,114.099998,98.822098,6280000
2014-03-17,114.260002,115.290001,114.129997,115.07,99.662201,5894500
2014-03-18,115.620003,116.559998,115.199997,116.239998,100.675552,6329600
2014-03-19,115.879997,116.739998,114.660004,115.199997,99.774796,5569600
2014-03-20,114.849998,116.080002,114.32,115.510002,100.043304,5280600
2014-03-21,116.290001,118.0,115.580002,115.629997,100.147224,14893600
2014-03-24,116.0,116.690002,115.650002,115.849998,100.337784,5386900
2014-03-25,116.230003,117.190002,116.209999,117.089996,101.411736,5573000
2014-03-26,117.800003,118.279999,117.360001,117.709999,101.9487,5971600
2014-03-27,117.75,117.989998,116.830002,117.669998,101.914085,5224600
2014-03-28,118.129997,118.550003,117.699997,118.5,102.632942,5875100
2014-03-31,118.790001,119.620003,118.489998,118.910004,102.988037,5482700
2014-04-01,119.150002,119.610001,118.839996,119.0,103.065994,5391400
2014-04-02,118.519997,119.540001,118.519997,119.349998,103.36911,4505600
2014-04-03,119.779999,119.790001,118.889999,119.040001,103.100639,4446400
2014-04-04,119.75,119.75,118.589996,118.800003,102.892776,5301300
2014-04-07,118.32,118.82,117.339996,117.339996,101.628258,5241300
2014-04-08,117.660004,118.309998,117.18,117.800003,102.026688,4706100
2014-04-09,117.830002,119.25,117.589996,119.099998,103.152596,5376500
2014-04-10,117.199997,118.059998,116.550003,116.690002,101.0653,8769200
2014-04-11,116.5,117.730003,116.5,117.029999,101.359764,7028800
2014-04-14,117.839996,118.830002,117.339996,118.699997,102.806152,6817700
2014-04-15,118.709999,120.309998,118.339996,120.300003,104.19191,7681900
2014-04-16,120.900002,122.120003,120.900002,121.830002,105.517082,7277000
2014-04-17,121.720001,123.849998,121.720001,123.68,107.119331,8604900
2014-04-21,123.050003,124.400002,123.050003,124.239998,107.604362,6351100
2014-04-22,123.870003,124.349998,123.610001,124.0,107.3965,5849200
2014-04-23,124.190002,124.959999,124.190002,124.690002,107.994118,5596300
2014-04-24,124.839996,124.919998,124.139999,124.300003,107.656319,5185300
2014-04-25,124.230003,124.699997,123.580002,123.989998,107.387833,5776300
2014-04-28,124.260002,126.059998,124.25,125.730003,108.894844,7687800
2014-04-29,125.919998,127.269997,125.760002,125.970001,109.102722,6666800
2014-04-30,125.760002,125.980003,125.309998,125.519997,108.712952,6123500
2014-05-01,125.660004,125.760002,124.279999,124.940002,108.210625,6379600
2014-05-02,123.900002,125.800003,123.580002,124.720001,108.020088,5406100
2014-05-05,124.82,125.849998,124.339996,125.360001,108.574387,4224400
2014-05-06,125.0,125.690002,124.519997,124.970001,108.236603,5600000
2014-05-07,125.949997,126.779999,125.639999,126.230003,109.327904,5436000
2014-05-08,125.699997,126.129997,124.870003,125.089996,108.34053,5009800
2014-05-09,125.389999,126.07,124.639999,125.029999,108.288589,4826100
2014-05-12,125.57,125.57,124.629997,125.239998,108.470467,4914700
2014-05-13,125.57,125.989998,124.970001,125.849998,108.998795,4415200
2014-05-14,126.139999,126.779999,125.760002,126.419998,109.492455,4961400
2014-05-15,125.169998,125.5,123.550003,123.809998,108.147285,5939500
2014-05-16,123.959999,124.349998,122.889999,123.18,107.596985,6435100
2014-05-19,122.949997,123.419998,122.849998,122.949997,107.39608,4042300
2014-05-20,122.949997,123.099998,122.239998,122.5,107.002991,4044400
2014-05-21,123.0,124.360001,122.940002,124.160004,108.453003,4758700
2014-05-22,124.099998,124.410004,123.559998,123.629997,107.990051,3262700
2014-05-23,124.099998,124.360001,123.330002,123.370003,107.762947,3808100
2014-05-27,123.760002,123.989998,122.75,122.839996,107.29998,4283300
2014-05-28,122.900002,123.309998,122.519997,122.519997,107.020477,4702900
2014-05-29,122.889999,122.900002,121.650002,122.32,106.845772,6255000
2014-05-30,122.239998,122.879997,122.010002,122.790001,107.256294,5174700
2014-06-02,122.93,123.040001,122.010002,122.209999,106.749695,3689800
2014-06-03,122.389999,122.82,121.720001,122.550003,107.046669,3563800
2014-06-04,122.32,122.68,122.0,122.349998,106.871964,3285500
2014-06-05,122.529999,123.779999,122.459999,123.519997,107.893967,4220600
2014-06-06,123.699997,124.699997,123.540001,124.190002,108.47921,4295400
2014-06-09,124.010002,124.639999,123.879997,124.370003,108.636444,3657700
2014-06-10,124.980003,125.370003,124.150002,125.339996,109.483719,5869400
2014-06-11,125.129997,125.470001,124.620003,125.18,109.343964,4570900
2014-06-12,125.730003,126.230003,125.419998,126.110001,110.156311,6815800
2014-06-13,125.940002,127.260002,125.900002,127.260002,111.16082,5573600
2014-06-16,127.150002,128.809998,127.139999,128.539993,112.278893,7065300
2014-06-17,127.900002,129.039993,127.57,128.830002,112.532211,6720700
2014-06-18,128.960007,130.5,128.360001,130.279999,113.79879,7697700
2014-06-19,130.289993,132.0,129.910004,131.990005,115.292465,7419900
2014-06-20,131.949997,132.399994,130.880005,132.339996,115.598198,11348300
2014-06-23,132.520004,133.570007,132.419998,132.979996,116.157204,11006900
2014-06-24,132.740005,133.460007,131.710007,131.770004,115.100304,8581100
2014-06-25,131.339996,132.360001,131.009995,131.229996,114.628586,6714200
2014-06-26,131.210007,131.220001,129.529999,130.919998,114.357826,6111400
2014-06-27,130.729996,130.949997,129.300003,130.360001,113.868668,8674700
2014-06-30,130.149994,130.630005,129.369995,130.550003,114.034622,5698900
2014-07-01,130.940002,131.419998,130.460007,130.539993,114.025887,4000500
2014-07-02,130.529999,130.919998,129.990005,130.229996,113.755096,5136800
2014-07-03,131.440002,131.589996,130.720001,131.190002,114.593651,3514000
2014-07-07,130.440002,130.639999,130.020004,130.470001,113.964752,3660000
2014-07-08,129.699997,130.380005,129.520004,129.899994,113.466843,4687600
2014-07-09,130.270004,131.690002,129.990005,131.389999,114.768364,5200800
2014-07-10,130.479996,130.860001,129.899994,130.25,113.772583,4404800
2014-07-11,129.130005,129.889999,128.029999,128.470001,112.217766,5242700
2014-07-14,128.800003,129.5,128.380005,129.259995,112.907814,4135800
2014-07-15,129.070007,129.5,128.610001,129.259995,112.907814,4845000
2014-07-16,129.889999,130.940002,129.690002,130.889999,114.331612,4491800
2014-07-17,130.639999,131.5,129.880005,130.080002,113.624084,4953600
2014-07-18,130.639999,130.729996,129.580002,130.389999,113.894867,4339400
2014-07-21,130.110001,131.339996,130.009995,131.289993,114.681007,3714000
2014-07-22,131.550003,133.199997,131.550003,132.580002,115.807793,4391700
2014-07-23,132.699997,133.929993,132.479996,133.880005,116.943359,4589500
2014-07-24,134.029999,135.100006,133.690002,134.850006,117.790649,5337900
2014-07-25,134.580002,134.610001,133.059998,133.570007,116.672577,3702000
2014-07-28,133.559998,133.800003,132.889999,133.240005,116.384323,4625000
2014-07-29,132.899994,133.720001,132.419998,132.419998,115.66806,4189100
2014-07-30,132.970001,133.690002,131.5,132.529999,115.764153,4601800
2014-07-31,131.729996,131.970001,129.100006,129.240005,112.89035,7973700
2014-08-01,127.760002,128.960007,126.360001,127.900002,111.719856,7377800
2014-08-04,127.690002,128.360001,126.029999,128.169998,111.955711,7360000
2014-08-05,127.809998,127.809998,124.580002,124.959999,109.151794,8066700
2014-08-06,124.900002,126.970001,124.800003,125.730003,109.824387,5134900
2014-08-07,126.190002,126.730003,124.830002,125.650002,109.754501,4650700
2014-08-08,126.07,127.959999,125.910004,127.860001,111.684929,4730700
2014-08-11,128.160004,128.669998,127.540001,127.709999,111.553902,3466500
2014-08-12,127.139999,127.279999,126.260002,127.089996,111.012337,4944100
2014-08-13,127.639999,128.240005,126.870003,127.599998,111.457825,3518200
2014-08-14,127.68,127.699997,126.529999,126.959999,110.898781,4524000
2014-08-15,126.419998,126.790001,125.68,126.099998,111.083778,5754300
2014-08-18,126.269997,126.589996,125.629997,126.300003,111.259972,4630000
2014-08-19,126.720001,127.699997,126.550003,127.629997,112.431587,3887800
2014-08-20,127.25,127.599998,126.779999,127.489998,112.30825,3230300
2014-08-21,127.68,128.179993,127.18,127.93,112.695854,2668100
2014-08-22,127.019997,127.5,126.470001,127.110001,111.973518,3236900
2014-08-25,127.57,128.070007,127.379997,127.839996,112.616577,2645700
2014-08-26,128.059998,128.710007,127.940002,128.25,112.977753,2832400
2014-08-27,128.410004,128.820007,128.190002,128.639999,113.321304,2767000
2014-08-28,128.279999,128.899994,128.25,128.75,113.418198,2409000
2014-08-29,129.0,129.529999,128.5,129.449997,114.034851,3519000
2014-09-02,129.199997,129.380005,127.059998,127.540001,112.352295,4744500
2014-09-03,128.449997,128.880005,127.669998,127.860001,112.634193,3846300
2014-09-04,128.210007,128.460007,126.199997,126.800003,111.700424,5191200
2014-09-05,127.150002,127.440002,126.160004,127.400002,112.228989,5035500
2014-09-08,126.68,126.75,125.690002,126.209999,111.180679,4200800
2014-09-09,124.489998,125.790001,124.260002,125.18,110.273331,6721600
2014-09-10,124.459999,124.739998,123.010002,124.279999,109.480507,10941800
2014-09-11,123.279999,124.07,122.410004,123.830002,109.084091,6569600
2014-09-12,123.540001,123.660004,122.209999,122.660004,108.053421,4915600
2014-09-15,122.349998,124.779999,122.059998,124.239998,109.445259,5437600
2014-09-16,124.059998,125.68,123.610001,124.959999,110.079529,6587200
2014-09-17,125.129997,125.489998,124.449997,124.720001,109.868118,4583500
2014-09-18,124.849998,125.040001,123.849998,124.139999,109.357185,4683200
2014-09-19,124.940002,125.699997,124.650002,124.800003,109.938583,10090000
2014-09-22,124.599998,124.919998,123.470001,123.489998,108.784584,5850500
2014-09-23,123.529999,123.980003,122.860001,123.059998,108.405785,5620700
2014-09-24,123.07,123.07,120.849998,122.400002,107.824371,8005900
2014-09-25,122.199997,122.610001,120.68,120.68,106.309212,6466300
2014-09-26,120.550003,122.040001,120.019997,121.470001,107.005127,5500500
2014-09-29,120.720001,120.739998,119.139999,120.550003,106.194687,6791500
2014-09-30,120.510002,120.510002,118.660004,119.32,105.111153,8385700
2014-10-01,118.800003,119.349998,117.379997,117.650002,103.640015,8027900
2014-10-02,117.389999,117.900002,116.129997,117.110001,103.164299,8171200
2014-10-03,118.160004,118.160004,116.400002,117.709999,103.692879,6298300
2014-10-06,117.910004,119.050003,117.279999,118.089996,104.027611,5409500
2014-10-07,117.470001,118.43,116.0,116.019997,102.204109,7303800
2014-10-08,115.830002,118.25,115.150002,117.949997,103.904305,9517400
2014-10-09,117.019997,117.080002,114.239998,114.510002,100.873932,11489200
2014-10-10,114.699997,115.730003,112.879997,113.889999,100.327759,9253100
2014-10-13,113.550003,114.589996,111.849998,112.029999,98.689262,7799100
2014-10-14,112.599998,113.050003,109.099998,109.779999,96.707199,11541500
2014-10-15,108.57,109.5,106.650002,109.269997,96.257919,15278400
2014-10-16,107.959999,111.32,107.199997,111.059998,97.83477,11908400
2014-10-17,111.779999,112.739998,110.730003,111.800003,98.486641,10895500
2014-10-20,111.529999,112.279999,110.970001,111.489998,98.213562,8823800
2014-10-21,113.18,115.169998,112.910004,115.089996,101.38485,8899700
2014-10-22,115.199997,116.239998,113.910004,114.0,100.42466,7211600
2014-10-23,116.0,117.32,114.949997,116.190002,102.353874,7195500
2014-10-24,116.190002,116.260002,114.529999,115.910004,102.107224,5507900
2014-10-27,114.379997,115.370003,113.459999,115.019997,101.323196,6714600
2014-10-28,116.169998,117.269997,115.160004,117.129997,103.181938,7272600
2014-10-29,118.0,118.93,116.099998,117.139999,103.190735,6873700
2014-10-30,116.18,117.25,115.57,117.199997,103.243599,5174400
2014-10-31,118.349998,120.169998,116.389999,119.949997,105.66613,10669500
2014-11-03,119.830002,119.970001,116.459999,116.779999,102.873619,10343300
2014-11-04,115.989998,116.019997,114.800003,115.370003,101.631523,9585800
2014-11-05,117.269997,117.300003,114.860001,117.050003,103.111465,6603300
2014-11-06,116.900002,118.550003,116.360001,118.529999,104.41523,6383800
2014-11-07,118.75,119.730003,118.360001,118.800003,104.653091,7366600
2014-11-10,119.580002,119.669998,117.309998,117.919998,103.877861,6114600
2014-11-11,117.949997,118.669998,117.300003,118.440002,104.335945,3957000
2014-11-12,117.860001,118.709999,117.379997,117.650002,103.640015,4923900
2014-11-13,117.089996,117.470001,115.639999,116.449997,102.582916,11019900
2014-11-14,115.699997,116.349998,115.419998,116.32,103.418655,4891700
2014-11-17,115.959999,116.150002,115.269997,115.75,102.911873,5713700
2014-11-18,115.970001,116.629997,115.25,115.470001,102.662933,5672800
2014-11-19,115.970001,116.68,115.07,116.470001,103.552025,4270300
2014-11-20,116.160004,117.470001,116.160004,117.309998,104.298843,5272800
2014-11-21,118.790001,118.910004,117.730003,118.580002,105.428001,7361600
2014-11-24,118.129997,118.580002,117.150002,117.589996,104.547798,5807600
2014-11-25,117.800003,117.82,115.629997,116.150002,103.267509,6671400
2014-11-26,116.07,116.349998,115.019997,115.110001,102.342857,6715100
2014-11-28,111.589996,111.690002,108.43,108.870003,96.794968,11935600
2014-12-01,109.379997,112.489998,108.68,111.730003,99.337753,13400100
2014-12-02,111.269997,114.559998,110.889999,114.019997,101.373734,8548700
2014-12-03,114.739998,114.82,113.150002,113.709999,101.098137,8049800
2014-12-04,113.080002,113.080002,111.010002,112.279999,99.826752,8100700
2014-12-05,111.790001,112.290001,110.709999,110.870003,98.57312,7663400
2014-12-08,109.889999,109.940002,106.410004,106.800003,94.954552,13809000
2014-12-09,106.169998,108.150002,106.129997,107.010002,95.141258,11053000
2014-12-10,106.220001,106.25,103.07,104.860001,93.229706,15073400
2014-12-11,104.970001,107.269997,104.300003,104.910004,93.27417,10293600
2014-12-12,103.760002,104.349998,102.370003,102.379997,91.024765,12013600
2014-12-15,103.129997,103.910004,100.419998,100.860001,89.673355,13144200
2014-12-16,100.5,104.470001,100.150002,101.699997,90.420204,12722200
2014-12-17,102.18,106.589996,102.010002,106.019997,94.26104,13354000
2014-12-18,108.010002,109.029999,105.489998,109.029999,96.937225,13533000
2014-12-19,109.529999,112.959999,108.5,112.93,100.404648,15723300
2014-12-22,112.360001,112.989998,111.07,112.029999,99.604462,9433500
2014-12-23,112.760002,114.449997,112.32,113.949997,101.311516,8092000
2014-12-24,113.660004,114.139999,112.07,113.470001,100.884766,4536500
2014-12-26,113.93,114.349998,112.82,113.25,100.689156,4380400
2014-12-29,113.440002,114.379997,112.779999,113.32,100.751389,6043000
2014-12-30,112.93,113.650002,112.150002,113.110001,100.56469,5659500
2014-12-31,111.650002,113.309998,111.529999,112.18,99.737846,6411800
2015-01-02,111.629997,113.0,110.849998,112.580002,100.093475,5898800
2015-01-05,110.959999,111.199997,107.440002,108.080002,96.092575,11758100
2015-01-06,107.870003,109.019997,106.480003,108.029999,96.048119,11591600
2015-01-07,109.25,109.730003,107.510002,107.940002,95.968102,10353800
2015-01-08,109.190002,110.440002,108.599998,110.410004,98.164154,8650800
2015-01-09,110.139999,110.220001,107.669998,108.209999,96.208153,9584500
2015-01-12,107.470001,107.470001,105.559998,105.879997,94.136574,8912300
2015-01-13,106.919998,107.660004,103.190002,104.199997,92.642906,13277700
2015-01-14,103.199997,104.410004,101.830002,103.900002,92.376183,14096200
2015-01-15,104.410004,104.940002,102.529999,102.669998,91.282616,9664600
2015-01-16,102.470001,105.139999,102.470001,105.120003,93.460899,12604600
2015-01-20,104.559998,106.580002,103.809998,106.470001,94.661133,10406800
2015-01-21,106.790001,108.269997,106.349998,108.160004,96.163704,8271000
2015-01-22,108.760002,109.120003,106.989998,108.919998,96.839409,7471100
2015-01-23,108.220001,108.75,106.730003,106.849998,94.998993,7984400
2015-01-26,107.220001,109.349998,106.32,108.879997,96.803848,7670500
2015-01-27,108.110001,108.809998,107.629997,108.260002,96.252609,6388700
2015-01-28,108.160004,108.169998,103.419998,103.709999,92.207268,10526500
2015-01-29,104.239998,104.629997,101.660004,103.0,91.576004,13994400
2015-01-30,101.599998,103.279999,98.879997,102.529999,91.158142,20584700
2015-02-02,103.980003,106.129997,102.970001,106.059998,94.296608,11537600
2015-02-03,107.699997,110.110001,107.669998,109.529999,97.381737,14266700
2015-02-04,108.489998,109.279999,107.389999,108.349998,96.332611,10176000
2015-02-05,109.57,110.110001,108.57,109.309998,97.18615,7533300
2015-02-06,109.660004,110.459999,109.110001,109.610001,97.452888,7655500
2015-02-09,109.839996,111.5,109.650002,110.43,98.181923,6403000
2015-02-10,110.519997,110.620003,108.089996,110.18,97.959663,7033700
2015-02-11,108.980003,110.18,108.290001,109.980003,97.781845,8662000
2015-02-12,110.279999,111.050003,109.82,110.860001,99.5326,6618000
2015-02-13,111.349998,112.839996,111.099998,112.779999,101.256416,7494400
2015-02-17,112.309998,112.93,111.519997,112.400002,100.915245,7097300
2015-02-18,111.25,111.650002,110.370003,110.440002,99.155518,6920300
2015-02-19,108.199997,109.580002,107.239998,108.349998,97.279068,9721100
2015-02-20,108.43,108.870003,107.5,108.599998,97.50351,7610600
2015-02-23,107.790001,108.5,107.349998,107.860001,96.839119,6724000
2015-02-24,107.889999,108.239998,107.339996,107.959999,96.928909,5708400
2015-02-25,108.120003,108.779999,107.760002,108.580002,97.485573,4806500
2015-02-26,107.889999,107.919998,106.599998,107.059998,96.120872,5903100
2015-02-27,107.519997,107.730003,106.57,106.68,95.779694,6396500
2015-03-02,106.32,106.339996,104.93,105.900002,95.079399,7343700
2015-03-03,105.879997,106.220001,104.809998,105.160004,94.415016,6901200
2015-03-04,105.639999,105.639999,104.440002,105.160004,94.415016,5784900
2015-03-05,105.010002,105.309998,104.330002,104.730003,94.028961,5156900
2015-03-06,104.220001,104.519997,103.169998,103.550003,92.969513,7213300
2015-03-09,103.599998,105.629997,103.5,103.949997,93.328636,7506200
2015-03-10,103.790001,104.550003,102.330002,102.910004,92.394905,10679000
2015-03-11,103.519997,103.889999,102.449997,103.540001,92.960548,8440700
2015-03-12,104.220001,104.510002,102.300003,102.419998,91.954971,5900600
2015-03-13,101.839996,101.839996,100.660004,101.620003,91.236717,8345200
2015-03-16,101.440002,103.269997,101.0,103.129997,92.59243,6780200
2015-03-17,102.300003,103.550003,102.099998,103.169998,92.628342,7097500
2015-03-18,102.610001,106.879997,102.370003,106.699997,95.797653,11059700
2015-03-19,105.099998,105.400002,104.650002,104.75,94.046913,7841900
2015-03-20,105.290001,107.260002,105.110001,107.029999,96.093925,14064900
2015-03-23,107.510002,107.690002,105.919998,105.919998,95.097351,6807700
2015-03-24,105.919998,106.190002,104.160004,104.199997,93.553101,6677800
2015-03-25,104.660004,106.199997,104.330002,105.669998,94.872894,9169400
2015-03-26,106.279999,106.519997,104.160004,105.25,94.495811,7276900
2015-03-27,104.989998,104.989998,103.669998,104.279999,93.624931,5830300
2015-03-30,104.970001,107.209999,104.970001,106.900002,95.977211,7172400
2015-03-31,105.620003,106.07,104.879997,104.980003,94.253395,7254100
2015-04-01,105.769997,106.220001,104.5,104.790001,94.082809,7347200
2015-04-02,104.449997,105.68,104.080002,105.279999,94.522743,5123900
2015-04-06,106.029999,107.860001,105.220001,106.919998,95.995171,6724000
2015-04-07,106.970001,109.089996,106.620003,108.540001,97.449638,8536000
2015-04-08,108.860001,108.919998,106.519997,106.660004,95.761749,7894800
2015-04-09,106.800003,107.239998,106.18,106.949997,96.02211,5760500
2015-04-10,107.470001,107.660004,106.809998,106.910004,95.986183,5012200
2015-04-13,107.349998,107.900002,106.440002,106.5,95.618095,4307200
2015-04-14,107.699997,109.089996,107.260002,108.839996,97.718987,7262700
2015-04-15,109.589996,110.690002,109.379997,110.410004,99.128571,6704000
2015-04-16,109.900002,110.940002,109.0,110.160004,98.904121,5904200
2015-04-17,109.360001,109.690002,108.260002,109.110001,97.961411,6548700
2015-04-20,109.57,111.709999,109.550003,110.290001,99.020828,7148800
2015-04-21,110.050003,110.739998,109.309998,109.730003,98.518059,5674900
2015-04-22,110.050003,110.440002,109.209999,109.5,98.311554,5643100
2015-04-23,110.0,110.650002,109.599998,109.970001,98.733536,6940000
2015-04-24,109.669998,110.040001,109.029999,109.870003,98.643753,4995000
2015-04-27,110.339996,110.739998,109.540001,109.699997,98.491119,4858700
2015-04-28,110.050003,111.239998,109.650002,111.120003,99.766037,5321600
2015-04-29,110.82,111.989998,110.68,111.730003,100.313698,5665800
2015-04-30,112.040001,112.199997,110.440002,111.059998,99.712151,6666800
2015-05-01,110.279999,110.800003,108.339996,109.040001,97.898544,10362700
2015-05-04,109.379997,109.410004,107.989998,108.32,97.252129,7660100
2015-05-05,109.239998,109.93,108.0,108.0,96.964821,6463300
2015-05-06,109.239998,109.529999,107.300003,107.949997,96.919937,5820400
2015-05-07,107.690002,108.199997,106.690002,107.57,96.578766,5798300
2015-05-08,108.290001,108.800003,107.400002,108.650002,97.548409,7078900
2015-05-11,108.650002,108.690002,107.300003,107.360001,96.390221,6003600
2015-05-12,107.440002,108.0,107.099998,107.559998,96.569794,5026500
2015-05-13,107.980003,108.470001,107.300003,107.699997,96.69548,5517600
2015-05-14,108.019997,109.300003,108.019997,108.449997,97.368835,9751700
2015-05-15,107.209999,108.330002,106.940002,108.029999,97.958237,5641600
2015-05-18,107.5,107.510002,106.580002,106.650002,96.706902,6390600
2015-05-19,106.050003,106.309998,105.0,105.019997,95.228867,7927600
2015-05-20,105.419998,105.900002,104.760002,105.25,95.437431,6521200
2015-05-21,105.970001,106.269997,105.300003,105.489998,95.655037,6549300
2015-05-22,105.089996,105.550003,104.860001,104.889999,95.110985,4717200
2015-05-26,104.220001,104.440002,102.93,103.290001,93.660149,8010200
2015-05-27,103.199997,103.779999,102.730003,103.110001,93.496941,5857500
2015-05-28,102.959999,103.419998,102.379997,103.239998,93.614815,5099900
2015-05-29,103.139999,103.57,102.669998,103.0,93.397186,6673400
2015-06-01,103.470001,103.75,102.489998,102.629997,93.061684,5412400
2015-06-02,102.650002,103.110001,102.110001,102.580002,93.01635,5040000
2015-06-03,102.400002,103.379997,102.120003,102.169998,92.644585,5150300
2015-06-04,101.889999,102.370003,100.980003,101.389999,91.937294,6896400
2015-06-05,101.18,103.099998,100.989998,101.589996,92.118645,6080900
2015-06-08,101.290001,101.389999,99.949997,100.419998,91.057732,8213900
2015-06-09,100.699997,101.25,100.220001,100.419998,91.057732,7157000
2015-06-10,102.519997,102.580002,101.519997,101.830002,92.336273,7588400
2015-06-11,101.870003,102.199997,100.940002,101.120003,91.692474,5582900
2015-06-12,100.519997,100.690002,99.629997,99.870003,90.559013,6475500
2015-06-15,99.449997,100.059998,99.129997,99.290001,90.033089,6178100
2015-06-16,99.199997,100.449997,98.809998,100.040001,90.713158,8763700
2015-06-17,100.830002,101.169998,99.519997,99.760002,90.459274,8231100
2015-06-18,100.260002,100.900002,100.150002,100.25,90.903572,7168000
2015-06-19,99.720001,100.169998,99.459999,99.470001,90.196297,10512000
2015-06-22,99.830002,100.370003,99.370003,100.290001,90.93985,6416100
2015-06-23,99.959999,100.43,99.540001,100.089996,90.758484,5697900
2015-06-24,99.980003,100.68,99.269997,99.269997,90.014938,7451900
2015-06-25,99.449997,99.660004,98.290001,98.339996,89.171646,6062800
2015-06-26,98.239998,98.690002,97.809998,98.599998,89.40741,10015500
2015-06-29,97.5,97.959999,96.599998,96.690002,87.675491,8764600
2015-06-30,97.449997,97.660004,96.220001,96.470001,87.47599,9925400
2015-07-01,96.300003,96.620003,95.550003,96.089996,87.131409,7295300
2015-07-02,96.360001,96.669998,95.720001,95.870003,86.931938,6419100
2015-07-06,95.059998,95.559998,94.480003,94.769997,85.934486,8341600
2015-07-07,94.410004,95.480003,93.5,95.269997,86.387871,11774900
2015-07-08,94.589996,95.089996,93.260002,93.559998,84.837303,7719100
2015-07-09,94.900002,95.209999,93.760002,93.779999,85.036781,7895300
2015-07-10,94.529999,94.949997,94.07,94.410004,85.608047,5631900
2015-07-13,94.309998,94.889999,94.150002,94.599998,85.780334,5038800
2015-07-14,94.400002,95.790001,94.389999,95.550003,86.641769,5218600
2015-07-15,95.040001,95.699997,93.889999,94.239998,85.453911,6490400
2015-07-16,94.279999,94.730003,93.900002,94.480003,85.671532,6422700
2015-07-17,94.230003,94.389999,92.900002,93.150002,84.465515,8214200
2015-07-20,93.300003,93.489998,92.589996,92.940002,84.275101,6018100
2015-07-21,93.0,94.139999,93.0,93.900002,85.145607,7043100
2015-07-22,93.510002,94.330002,93.290001,93.510002,84.791954,9327500
2015-07-23,93.57,94.07,92.699997,92.940002,84.275101,7360700
2015-07-24,92.779999,92.779999,90.349998,90.599998,82.153259,11158400
2015-07-27,89.860001,90.089996,88.739998,89.139999,80.829369,10342700
2015-07-28,89.449997,92.690002,89.43,92.400002,83.785439,11536900
2015-07-29,91.980003,93.400002,91.440002,93.25,84.556206,9821500
2015-07-30,93.449997,93.809998,92.75,93.029999,84.356705,6435700
2015-07-31,91.519997,91.75,88.010002,88.480003,80.230919,19063400
2015-08-03,87.279999,87.330002,85.32,85.599998,77.619423,14142200
2015-08-04,85.739998,86.900002,84.68,85.209999,77.265778,8537200
2015-08-05,85.440002,86.0,83.870003,84.029999,76.195786,11254600
2015-08-06,83.559998,85.580002,82.889999,85.190002,77.247643,9805000
2015-08-07,84.709999,85.260002,83.43,83.75,75.941887,7422000
2015-08-10,84.199997,86.099998,83.879997,85.889999,77.882378,8342000
2015-08-11,84.379997,85.980003,83.599998,85.779999,77.782639,9797400
2015-08-12,85.0,87.110001,84.919998,86.790001,78.698463,11316300
2015-08-13,86.029999,86.339996,85.449997,85.849998,77.8461,9562400
2015-08-14,85.779999,86.419998,85.290001,85.989998,77.973053,7748900
2015-08-17,84.459999,84.510002,83.110001,83.230003,76.421303,12602500
2015-08-18,83.080002,83.769997,82.82,83.440002,76.61412,9093400
2015-08-19,82.870003,82.910004,80.669998,80.910004,74.2911,13009800
2015-08-20,80.660004,81.290001,79.239998,79.239998,72.757713,11857200
2015-08-21,78.870003,79.589996,75.709999,75.760002,69.562393,18383600
2015-08-24,70.550003,75.379997,69.580002,72.120003,66.220177,24191900
2015-08-25,74.93,75.019997,69.839996,70.019997,64.291962,21128000
2015-08-26,71.720001,73.099998,70.949997,73.089996,67.110817,17400400
2015-08-27,75.0,78.120003,74.559998,77.639999,71.288597,21539600
2015-08-28,77.720001,81.199997,77.580002,80.43,73.850357,23735400
2015-08-31,80.010002,81.080002,77.919998,80.989998,74.364555,16880400
2015-09-01,78.760002,79.389999,77.519997,78.190002,71.793602,17954200
2015-09-02,79.75,79.75,77.230003,78.059998,71.674248,14255900
2015-09-03,78.699997,79.419998,77.690002,78.260002,71.857887,12282600
2015-09-04,77.300003,77.629997,76.449997,76.669998,70.397949,11210000
2015-09-08,77.529999,77.559998,76.239998,76.839996,70.554047,9316500
2015-09-09,77.43,78.199997,74.75,74.919998,68.791122,11297400
2015-09-10,75.730003,75.800003,74.309998,75.660004,69.470573,11475200
2015-09-11,75.940002,76.25,75.089996,75.790001,69.589943,11032100
2015-09-14,75.519997,76.0,74.959999,75.769997,69.571579,10235500
2015-09-15,76.43,77.690002,76.209999,77.169998,70.857033,11678100
2015-09-16,77.82,79.209999,77.769997,79.019997,72.55571,12593500
2015-09-17,79.120003,80.470001,78.599998,79.410004,72.913803,12324300
2015-09-18,77.910004,78.699997,76.970001,77.739998,71.380424,18635900
2015-09-21,78.300003,78.730003,77.839996,78.089996,71.70179,8523500
2015-09-22,76.839996,77.690002,76.489998,77.25,70.930504,9692300
2015-09-23,77.400002,77.529999,75.760002,76.120003,69.892952,9043000
2015-09-24,75.449997,77.309998,75.099998,76.889999,70.599953,10302600
2015-09-25,77.870003,78.160004,76.919998,77.699997,71.343689,10862600
2015-09-28,76.660004,76.93,75.75,75.769997,69.571579,10567000
2015-09-29,76.040001,76.660004,75.279999,76.25,70.012306,8797800
2015-09-30,77.150002,79.019997,77.0,78.879997,72.427155,14108800
2015-10-01,79.720001,80.889999,77.809998,78.339996,71.931335,11111900
2015-10-02,77.739998,81.550003,77.309998,81.550003,74.878738,13051900
2015-10-05,82.410004,84.190002,82.349998,84.029999,77.155869,14196800
2015-10-06,84.18,87.629997,84.07,86.989998,79.873718,18897100
2015-10-07,88.25,89.510002,86.279999,88.120003,80.911285,17670500
2015-10-08,87.889999,90.139999,87.800003,89.910004,82.554855,11299100
2015-10-09,90.199997,90.400002,88.669998,89.57,82.242661,10011100
2015-10-12,89.860001,89.980003,87.870003,88.739998,81.48056,7917500
2015-10-13,87.800003,88.940002,87.290001,88.379997,81.150009,8012500
2015-10-14,88.230003,89.970001,87.709999,89.760002,82.417107,9734500
2015-10-15,89.650002,90.870003,88.440002,90.720001,83.298584,8960400
2015-10-16,91.550003,91.660004,90.019997,91.290001,83.821968,7821200
2015-10-19,90.360001,90.540001,89.220001,90.029999,82.665024,8900400
2015-10-20,89.5,90.489998,89.389999,89.989998,82.628311,8122200
2015-10-21,89.440002,90.629997,89.139999,89.330002,82.022293,7423400
2015-10-22,89.739998,91.809998,89.739998,91.620003,84.124969,8971700
2015-10-23,90.75,91.93,90.089996,91.239998,83.776039,8134800
2015-10-26,90.870003,90.879997,88.580002,88.769997,81.50811,8606600
2015-10-27,87.730003,87.959999,86.739998,87.699997,80.525635,9328800
2015-10-28,88.209999,90.120003,87.919998,89.790001,82.444672,8236500
2015-10-29,89.32,90.93,89.139999,89.889999,82.536491,6686000
2015-10-30,91.139999,91.980003,89.410004,90.879997,83.445496,11559300
2015-11-02,90.610001,95.279999,90.480003,94.959999,87.191727,14277300
2015-11-03,95.419998,98.639999,95.419998,98.139999,90.11158,17669200
2015-11-04,98.019997,98.099998,96.080002,96.769997,88.853653,11931300
2015-11-05,96.050003,96.550003,94.330002,94.550003,86.815277,11184800
2015-11-06,93.709999,94.07,91.760002,94.029999,86.337807,9634200
2015-11-09,93.480003,94.449997,92.099998,92.32,84.767693,7659100
2015-11-10,92.099998,93.5,91.839996,93.230003,85.603249,6823100
2015-11-11,93.389999,93.709999,91.860001,92.190002,84.648331,6085300
2015-11-12,90.75,91.150002,89.25,89.860001,82.508934,8951300
2015-11-13,89.57,89.970001,88.190002,88.68,81.425468,7676600
2015-11-16,87.790001,91.470001,87.790001,91.449997,84.9944,10101100
2015-11-17,91.269997,92.5,90.699997,91.029999,84.604042,7575800
2015-11-18,91.440002,92.75,91.029999,92.209999,85.700745,6886900
2015-11-19,92.029999,92.370003,90.43,90.830002,84.418159,6096700
2015-11-20,90.639999,91.309998,88.809998,89.010002,82.726639,8561400
2015-11-23,88.650002,90.440002,88.110001,90.010002,83.656052,6889600
2015-11-24,90.190002,92.300003,89.800003,91.349998,84.901443,8549000
2015-11-25,90.709999,91.32,90.160004,90.870003,84.455338,5419300
2015-11-27,90.25,90.839996,90.050003,90.370003,83.990631,2547800
2015-11-30,90.639999,91.959999,90.440002,91.32,84.873566,12179400
2015-12-01,90.970001,92.650002,90.970001,92.480003,85.951683,6975500
2015-12-02,92.599998,92.690002,90.029999,90.25,83.879112,11830700
2015-12-03,90.809998,91.419998,88.360001,88.849998,82.577927,10996800
2015-12-04,87.900002,89.82,86.489998,89.709999,83.37722,13170200
2015-12-07,87.480003,87.940002,84.900002,87.279999,81.118767,15378900
2015-12-08,85.809998,88.0,84.25,86.440002,80.338051,13397500
2015-12-09,86.669998,90.139999,86.300003,87.599998,81.416161,14675800
2015-12-10,88.0,90.459999,87.610001,89.300003,82.996162,14503300
2015-12-11,87.849998,87.910004,86.089996,86.440002,80.338051,13186900
2015-12-14,86.300003,89.589996,85.410004,89.330002,83.024048,12430700
2015-12-15,90.580002,93.400002,90.550003,92.760002,86.211914,19158500
2015-12-16,92.580002,93.82,90.809998,93.440002,86.843918,16917900
2015-12-17,93.5,94.0,90.400002,90.540001,84.148636,14082500
2015-12-18,90.059998,91.269997,89.300003,89.809998,83.470154,20167200
2015-12-21,90.400002,90.699997,88.209999,89.239998,82.940399,12852300
2015-12-22,89.120003,90.790001,88.300003,90.269997,83.897697,9661700
2015-12-23,92.199997,93.849998,91.57,93.809998,87.18779,11172800
2015-12-24,93.949997,93.949997,92.010002,92.050003,85.552048,4998700
2015-12-28,90.309998,90.720001,89.690002,90.360001,83.981346,6800000
2015-12-29,91.889999,92.580002,91.07,91.25,84.808517,6471200
2015-12-30,90.099998,90.980003,89.889999,90.089996,83.730385,5600200
2015-12-31,89.379997,90.860001,89.019997,89.959999,83.609581,6961500
