2014-01-02,57.209999,57.459999,57.040001,57.240002,53.408031,4219000
2014-01-03,58.200001,58.5,57.709999,58.34,54.434387,12577400
2014-01-06,59.150002,59.77,58.900002,59.220001,55.255482,10538100
2014-01-07,59.779999,60.130001,59.529999,59.84,55.833977,6510600
2014-01-08,59.860001,60.93,59.740002,60.84,56.767021,6725000
2014-01-09,58.0,59.740002,57.919998,59.360001,55.386105,8127900
2014-01-10,59.669998,60.25,59.290001,59.950001,55.936607,6548700
2014-01-13,59.779999,59.98,59.18,59.25,55.28347,4264000
2014-01-14,59.5,59.549999,58.880001,59.41,55.432755,4546500
2014-01-15,59.599998,59.799999,59.18,59.330002,55.35812,4785100
2014-01-16,59.380001,59.560001,58.98,59.110001,55.152836,4321400
2014-01-17,59.110001,59.59,58.889999,59.509998,55.526058,6485100
2014-01-21,59.650002,59.889999,59.029999,59.369999,55.395435,4484200
2014-01-22,59.5,59.529999,58.66,59.150002,55.190163,4085200
2014-01-23,59.049999,59.220001,58.540001,58.709999,54.77961,4396000
2014-01-24,58.400002,58.5,57.16,57.16,53.333382,5682400
2014-01-27,57.299999,57.630001,56.860001,56.959999,53.146767,4194300
2014-01-28,57.0,57.57,57.0,57.09,53.268066,4043300
2014-01-29,56.759998,57.09,56.130001,56.360001,52.586937,5511600
2014-01-30,56.650002,57.310001,56.540001,57.009998,53.193424,4705800
2014-01-31,56.400002,56.939999,56.110001,56.560001,52.773552,4404000
2014-02-03,56.560001,56.580002,54.610001,54.709999,51.047405,7089700
2014-02-04,54.080002,54.689999,53.330002,53.599998,50.011711,15925000
2014-02-05,53.919998,54.970001,53.73,54.73,51.066059,9615200
2014-02-06,54.740002,55.07,54.580002,54.75,51.084724,5124700
2014-02-07,55.529999,55.720001,55.09,55.59,51.868484,4302300
2014-02-10,55.700001,55.970001,55.599998,55.810001,52.073765,3688000
2014-02-11,55.689999,56.529999,55.619999,56.470001,52.689579,3407600
2014-02-12,56.650002,56.830002,56.27,56.43,52.652256,3032300
2014-02-13,56.23,56.610001,56.07,56.599998,52.810871,2543900
2014-02-14,56.560001,57.0,56.150002,56.880001,53.072136,5154800
2014-02-18,56.790001,56.790001,55.299999,56.189999,52.428318,7561500
2014-02-19,56.130001,57.07,56.0,56.200001,52.437656,6517500
2014-02-20,56.360001,57.029999,56.169998,57.0,53.184101,3846200
2014-02-21,57.07,57.709999,57.0,57.119999,53.296066,5084600
2014-02-24,57.259998,58.040001,57.16,57.599998,53.743923,4390700
2014-02-25,57.75,57.759998,57.049999,57.450001,53.603973,3253500
2014-02-26,57.630001,58.23,57.52,57.810001,53.939869,4008400
2014-02-27,57.720001,58.32,57.720001,58.299999,54.397064,3500300
2014-02-28,58.27,59.799999,58.259998,59.259998,55.292797,7156700
2014-03-03,58.689999,59.41,58.529999,59.040001,55.087524,4802400
2014-03-04,59.650002,59.880001,59.450001,59.650002,55.656685,4331100
2014-03-05,59.75,59.84,59.200001,59.639999,55.647354,3192600
2014-03-06,59.950001,60.0,59.439999,59.77,55.768654,4134500
2014-03-07,60.029999,60.029999,59.369999,59.91,55.899284,4133200
2014-03-10,59.630001,60.099998,59.400002,60.07,56.048573,4343700
2014-03-11,60.060001,60.75,59.779999,60.259998,56.225853,5143800
2014-03-12,59.98,60.240002,59.639999,59.830002,55.824642,4259700
2014-03-13,60.0,60.240002,58.880001,59.029999,55.078194,3963700
2014-03-14,59.040001,59.509998,58.799999,58.860001,54.919582,4333000
2014-03-17,58.98,59.639999,58.98,59.220001,55.255482,3577000
2014-03-18,59.32,60.169998,59.279999,59.849998,55.8433,3612300
2014-03-19,60.0,60.490002,59.43,59.849998,55.8433,3510700
2014-03-20,59.810001,59.810001,59.169998,59.580002,55.591373,2891600
2014-03-21,60.060001,60.380001,58.66,58.830002,54.891586,7155000
2014-03-24,59.16,59.220001,57.860001,58.150002,54.257111,4424900
2014-03-25,58.349998,59.07,58.32,59.0,55.050213,2971700
2014-03-26,59.349998,59.98,59.200001,59.290001,55.320793,4136700
2014-03-27,59.220001,59.360001,58.470001,59.169998,55.208824,4886500
2014-03-28,59.709999,60.91,59.650002,60.41,56.36581,7155800
2014-03-31,61.5,61.740002,60.709999,61.540001,57.420166,7741700
2014-04-01,61.610001,62.200001,61.389999,61.610001,57.485477,4626600
2014-04-02,61.080002,62.0,61.080002,61.860001,57.982254,4945800
2014-04-03,62.09,62.41,61.880001,62.310001,58.404049,4971800
2014-04-04,62.150002,62.900002,61.43,61.57,57.710434,5273600
2014-04-07,61.560001,62.139999,61.459999,61.619999,57.757294,5609000
2014-04-08,61.610001,61.740002,60.860001,61.0,57.176163,4307800
2014-04-09,60.959999,61.459999,60.75,61.400002,57.55109,5252400
2014-04-10,61.470001,61.700001,59.669998,60.099998,56.332581,5712600
2014-04-11,59.849998,59.900002,59.110001,59.200001,55.488995,4727200
2014-04-14,56.150002,58.360001,55.849998,58.080002,54.439205,10496000
2014-04-15,58.0,58.459999,56.990002,58.049999,54.411087,6820300
2014-04-16,58.52,58.740002,57.959999,58.490002,54.823505,5001000
2014-04-17,58.360001,59.240002,58.18,58.549999,54.879738,6056000
2014-04-21,58.119999,59.110001,58.060001,58.939999,55.245289,3844000
2014-04-22,59.0,59.18,58.299999,58.299999,54.645416,4161700
2014-04-23,58.27,58.5,57.950001,58.380001,54.720394,3521100
2014-04-24,58.790001,58.950001,58.18,58.34,54.682911,3387900
2014-04-25,58.369999,58.369999,57.810001,58.209999,54.561058,3141200
2014-04-28,58.82,58.939999,58.0,58.73,55.048458,5156300
2014-04-29,58.799999,59.049999,58.610001,58.799999,55.114075,2747600
2014-04-30,58.700001,58.84,58.41,58.82,55.132816,3143100
2014-05-01,58.84,59.5,58.560001,59.209999,55.498375,3765600
2014-05-02,59.279999,59.389999,58.619999,58.77,55.085949,4189200
2014-05-05,58.619999,59.150002,58.25,59.049999,55.3484,3979300
2014-05-06,59.040001,59.610001,58.900002,59.200001,55.488995,3878100
2014-05-07,59.330002,59.41,58.669998,59.32,55.601475,3716600
2014-05-08,59.290001,59.790001,59.27,59.43,55.704586,3215800
2014-05-09,59.529999,60.349998,59.43,60.169998,56.39819,3686000
2014-05-12,60.450001,61.169998,60.389999,60.990002,57.166794,3097000
2014-05-13,61.02,61.18,60.419998,60.830002,57.01683,3612700
2014-05-14,60.720001,61.0,60.580002,60.650002,56.848106,2821100
2014-05-15,60.400002,60.549999,59.75,59.91,56.154495,4631500
2014-05-16,60.009998,60.400002,59.720001,60.389999,56.604401,3945700
2014-05-19,60.290001,60.68,60.150002,60.34,56.557541,3556200
2014-05-20,59.860001,59.889999,58.73,59.41,55.685833,6871400
2014-05-21,59.599998,60.07,59.389999,59.759998,56.013885,3348700
2014-05-22,59.73,59.950001,59.369999,59.779999,56.032646,2511500
2014-05-23,59.799999,60.0,59.669998,59.93,56.173237,1890500
2014-05-27,60.080002,60.5,59.91,60.419998,56.632519,2302500
2014-05-28,60.459999,60.529999,60.16,60.16,56.388817,2490100
2014-05-29,60.32,60.700001,60.119999,60.619999,56.819981,1996600
2014-05-30,60.52,61.060001,60.509998,61.029999,57.204281,2881300
2014-06-02,61.0,61.099998,60.549999,61.02,57.194912,1925500
2014-06-03,60.82,61.07,60.490002,61.009998,57.185535,3738700
2014-06-04,61.0,64.330002,60.849998,63.220001,59.257008,12427300
2014-06-05,61.860001,62.27,61.709999,62.040001,58.150974,7570500
2014-06-06,62.27,62.66,62.119999,62.470001,58.554016,3485700
2014-06-09,62.189999,62.459999,62.0,62.240002,58.338436,2859200
2014-06-10,62.009998,62.009998,61.41,61.860001,57.982254,3030600
2014-06-11,61.52,61.639999,60.93,61.169998,57.335506,3126800
2014-06-12,61.220001,61.32,60.619999,60.790001,56.979328,3518600
2014-06-13,61.93,61.93,60.59,60.700001,56.894974,2085300
2014-06-16,63.459999,63.900002,58.32,60.029999,56.266968,65437800
2014-06-17,61.860001,62.0,60.77,61.580002,57.719807,28563100
2014-06-18,61.889999,63.93,61.650002,63.77,59.772526,20710500
2014-06-19,64.019997,65.5,64.0,64.669998,60.616104,23598400
2014-06-20,64.980003,65.150002,63.560001,63.860001,59.856888,17900300
2014-06-23,63.810001,64.580002,63.700001,64.139999,60.119331,10238600
2014-06-24,63.740002,64.650002,63.66,64.07,60.053719,9764000
2014-06-25,64.309998,64.68,64.0,64.199997,60.175564,8209700
2014-06-26,64.400002,64.699997,63.720001,64.660004,60.606743,10264200
2014-06-27,64.639999,64.75,63.889999,64.120003,60.10059,10748200
2014-06-30,64.309998,64.43,63.669998,63.759998,59.763149,11711600
2014-07-01,63.290001,64.07,63.200001,63.91,60.191669,7730100
2014-07-02,63.91,64.209999,63.66,63.91,60.191669,7148200
2014-07-03,64.18,64.559998,63.810001,64.550003,60.794445,4349900
2014-07-07,63.91,64.220001,63.27,63.610001,59.909126,7616000
2014-07-08,64.080002,64.220001,63.509998,63.619999,59.918549,7627800
2014-07-09,64.059998,64.300003,63.5,63.599998,59.899712,7576000
2014-07-10,63.130001,63.57,62.650002,63.470001,59.777279,5161600
2014-07-11,63.439999,63.849998,62.880001,63.790001,60.078667,7533700
2014-07-14,64.0,64.089996,63.419998,64.040001,60.314114,8873200
2014-07-15,63.869999,64.349998,63.540001,63.560001,59.862045,9138900
2014-07-16,63.5,63.799999,61.970001,62.93,59.268696,15113600
2014-07-17,62.709999,62.759998,61.470001,61.52,57.940727,10053000
2014-07-18,61.919998,62.619999,61.740002,62.360001,58.731865,7457300
2014-07-21,62.209999,62.540001,61.73,62.41,58.778954,5563500
2014-07-22,62.599998,63.110001,62.48,62.709999,59.061489,8613600
2014-07-23,62.75,63.57,62.52,63.369999,59.683098,8823000
2014-07-24,63.619999,63.970001,63.209999,63.279999,59.598328,9664700
2014-07-25,63.259998,63.459999,62.610001,62.900002,59.24044,5208300
2014-07-28,62.77,63.029999,62.380001,62.759998,59.108589,5988700
2014-07-29,62.889999,62.98,62.200001,62.650002,59.004986,6968000
2014-07-30,62.84,62.959999,62.240002,62.580002,58.939056,6593100
2014-07-31,62.290001,62.349998,61.57,61.740002,58.147934,6767900
2014-08-01,61.34,61.939999,61.049999,61.48,57.903057,6122500
2014-08-04,61.66,62.59,61.200001,62.470001,58.835461,5990800
2014-08-05,62.310001,62.91,61.630001,61.990002,58.383381,10402300
2014-08-06,61.099998,61.810001,60.709999,61.299999,57.733528,19503800
2014-08-07,61.459999,61.650002,60.68,61.0,57.450985,12885400
2014-08-08,61.040001,62.27,60.759998,62.150002,58.534081,10209500
2014-08-11,62.34,62.610001,62.009998,62.07,58.458736,5580900
2014-08-12,62.0,62.349998,61.849998,62.209999,58.590591,4420500
2014-08-13,62.540001,63.48,62.41,63.470001,59.777279,6665700
2014-08-14,63.610001,64.040001,63.470001,63.73,60.022144,5346900
2014-08-15,63.52,63.82,62.779999,63.25,59.57008,8477100
2014-08-18,63.669998,63.779999,63.220001,63.470001,59.777279,6170700
2014-08-19,63.939999,64.07,63.279999,64.010002,60.285862,8802400
2014-08-20,63.720001,64.349998,63.470001,64.150002,60.417717,5996400
2014-08-21,64.480003,64.620003,64.080002,64.099998,60.370617,3949400
2014-08-22,64.019997,64.400002,63.52,63.59,59.890301,5146200
2014-08-25,63.93,64.080002,63.540001,63.630001,59.927971,4470900
2014-08-26,63.779999,63.93,63.490002,63.52,59.824364,5102000
2014-08-27,63.580002,63.709999,63.220001,63.360001,59.673679,3051000
2014-08-28,63.330002,63.48,63.060001,63.119999,59.447636,3883100
2014-08-29,63.419998,63.860001,63.060001,63.849998,60.135174,4724000
2014-09-02,63.869999,63.98,63.549999,63.91,60.191669,5037800
2014-09-03,64.0,64.589996,63.950001,64.309998,60.568401,5606200
2014-09-04,64.239998,64.540001,63.639999,64.010002,60.285862,9243800
2014-09-05,64.110001,64.349998,63.68,64.309998,60.568401,6000200
2014-09-08,64.400002,64.989998,64.32,64.769997,61.001637,5627600
2014-09-09,64.809998,65.910004,64.660004,65.540001,61.726845,10835300
2014-09-10,65.769997,66.209999,65.540001,65.970001,62.131817,7495700
2014-09-11,65.599998,65.849998,65.239998,65.739998,61.915192,5843500
2014-09-12,65.410004,65.790001,64.93,65.190002,61.397213,5008300
2014-09-15,65.25,65.410004,64.75,64.949997,61.171173,3721700
2014-09-16,64.830002,66.209999,64.43,66.190002,62.339043,6301800
2014-09-17,66.260002,66.32,65.300003,65.980003,62.141251,8253700
2014-09-18,66.309998,66.739998,66.040001,66.529999,62.659241,5464600
2014-09-19,66.970001,67.110001,66.220001,66.220001,62.367287,9196400
2014-09-22,65.949997,66.089996,65.480003,65.980003,62.141251,7390400
2014-09-23,63.490002,64.660004,63.310001,64.080002,60.351791,18538800
2014-09-24,64.07,64.379997,63.07,63.77,60.059822,16432000
2014-09-25,63.77,64.32,62.740002,62.75,59.099167,10559400
2014-09-26,62.919998,63.669998,62.68,63.34,59.654842,8141700
2014-09-29,62.66,63.02,62.5,62.540001,58.901382,7876700
2014-09-30,63.0,63.0,61.93,61.950001,58.345715,14432900
2014-10-01,61.950001,62.77,61.599998,62.470001,59.12656,13010800
2014-10-02,62.5,63.150002,61.84,62.799999,59.438892,10372800
2014-10-03,65.529999,65.82,64.790001,65.019997,61.540085,29984000
2014-10-06,65.260002,65.410004,64.779999,64.900002,61.426502,10306700
2014-10-07,64.389999,64.669998,63.849998,63.939999,60.517876,8272900
2014-10-08,63.880001,65.75,63.849998,65.730003,62.212074,10207700
2014-10-09,65.339996,65.599998,63.639999,63.650002,60.243416,9472300
2014-10-10,63.639999,64.940002,63.5,64.110001,60.678783,10563500
2014-10-13,63.900002,64.029999,63.009998,63.060001,59.684986,8208100
2014-10-14,63.450001,64.269997,63.029999,63.509998,60.110897,9107200
2014-10-15,62.369999,63.029999,59.830002,62.25,58.918335,28912800
2014-10-16,61.5,62.84,61.279999,61.810001,58.501888,11991100
2014-10-17,62.59,62.59,61.380001,61.990002,58.672253,18747600
2014-10-20,62.18,64.07,62.150002,63.84,60.423233,12465500
2014-10-21,64.080002,65.349998,63.98,64.980003,61.502224,14523400
2014-10-22,65.349998,65.580002,64.629997,64.660004,61.199348,8396900
2014-10-23,65.089996,65.879997,65.059998,65.610001,62.098515,6642600
2014-10-24,65.75,66.599998,65.650002,66.559998,62.997662,7883000
2014-10-27,66.419998,66.699997,65.510002,66.260002,62.713722,6673100
2014-10-28,66.32,66.529999,66.160004,66.510002,62.95034,5708600
2014-10-29,66.5,67.360001,66.230003,67.040001,63.451969,8229200
2014-10-30,66.830002,67.75,66.589996,67.43,63.821095,5566400
2014-10-31,68.209999,68.410004,67.889999,68.160004,64.512032,8663400
2014-11-03,68.120003,68.389999,67.580002,68.150002,64.502571,4436000
2014-11-04,68.110001,68.290001,67.389999,67.93,64.294342,5679800
2014-11-05,68.699997,69.010002,68.279999,68.699997,65.023132,11671500
2014-11-06,68.860001,69.099998,68.480003,68.739998,65.060982,7329500
2014-11-07,68.699997,68.860001,67.790001,68.099998,64.455254,6054000
2014-11-10,68.120003,68.75,67.690002,68.709999,65.032578,5932900
2014-11-11,68.709999,69.330002,68.459999,68.989998,65.297607,4542400
2014-11-12,68.550003,68.900002,68.25,68.5,64.833824,4630500
2014-11-13,68.82,69.620003,68.660004,69.379997,65.66674,6920100
2014-11-14,69.459999,69.489998,68.800003,68.949997,65.259743,5833700
2014-11-17,68.769997,69.639999,68.730003,69.190002,65.486893,5325500
2014-11-18,69.389999,72.739998,68.830002,72.470001,68.591354,12950300
2014-11-19,72.269997,72.459999,71.639999,71.760002,67.91935,8109000
2014-11-20,71.389999,72.089996,70.900002,72.080002,68.222229,6878100
2014-11-21,72.82,72.889999,72.129997,72.489998,68.610268,8974400
2014-11-24,72.599998,72.949997,72.309998,72.93,69.026733,6667100
2014-11-25,72.790001,73.129997,72.650002,72.790001,68.894218,5621000
2014-11-26,72.82,73.550003,72.760002,73.480003,69.547287,5062600
2014-11-28,73.93,74.529999,73.629997,73.870003,69.916428,3074500
2014-12-01,73.410004,74.169998,72.940002,73.870003,69.916428,5350000
2014-12-02,73.989998,74.779999,73.980003,74.330002,70.351807,5501000
2014-12-03,74.209999,75.040001,74.139999,74.839996,70.834503,7224500
2014-12-04,74.839996,74.989998,73.470001,73.940002,69.982681,8246300
2014-12-05,73.879997,75.099998,73.709999,75.040001,71.023819,9583400
2014-12-08,74.809998,75.309998,74.510002,74.790001,70.787186,7343800
2014-12-09,73.709999,74.779999,73.620003,74.720001,70.720924,5373400
2014-12-10,74.239998,74.580002,73.199997,73.230003,69.310692,6506900
2014-12-11,73.669998,74.279999,73.550003,73.769997,69.821777,6224000
2014-12-12,72.720001,73.720001,72.5,72.519997,68.63868,7567800
2014-12-15,73.419998,73.510002,71.970001,71.989998,68.137039,6942700
2014-12-16,70.800003,73.019997,70.779999,71.339996,67.521828,8380100
2014-12-17,71.75,72.769997,71.57,72.669998,68.780655,9045900
2014-12-18,73.730003,74.68,73.400002,74.629997,70.635742,7014800
2014-12-19,74.660004,75.0,74.0,74.620003,70.626289,10460600
2014-12-22,74.650002,75.639999,74.580002,75.57,71.525436,10384000
2014-12-23,75.550003,75.660004,73.739998,73.769997,69.821777,7335600
2014-12-24,73.879997,74.449997,73.419998,74.080002,70.115196,3232500
2014-12-26,74.050003,74.220001,73.510002,73.610001,69.670341,4206200
2014-12-29,73.379997,73.93,73.190002,73.690002,69.746063,4611400
2014-12-30,73.440002,73.629997,72.660004,73.07,69.446678,4990800
2014-12-31,73.279999,73.75,72.110001,72.199997,68.619827,4737400
2015-01-02,72.129997,72.989998,71.410004,71.879997,68.315689,6029800
2015-01-05,71.5,71.839996,71.089996,71.580002,68.030556,11258700
2015-01-06,72.0,72.470001,70.870003,71.220001,67.688423,12838800
2015-01-07,71.720001,73.099998,71.510002,73.0,69.380142,8104100
2015-01-08,73.709999,74.779999,73.709999,74.75,71.043365,7608400
2015-01-09,74.629997,74.839996,74.139999,74.400002,70.710739,8790600
2015-01-12,74.459999,74.739998,74.099998,74.470001,70.777245,7294000
2015-01-13,74.879997,75.389999,72.540001,72.790001,69.180565,9508300
2015-01-14,71.790001,72.459999,71.410004,71.769997,68.211128,8696900
2015-01-15,72.290001,72.410004,71.480003,71.900002,68.334694,13290200
2015-01-16,71.690002,72.849998,71.25,72.760002,69.152054,8832000
2015-01-20,72.940002,73.25,71.610001,72.199997,68.619827,10524900
2015-01-21,71.879997,73.239998,71.480003,73.059998,69.437164,10793800
2015-01-22,72.970001,75.489998,72.970001,75.480003,71.737167,17866600
2015-01-23,75.849998,77.389999,75.470001,76.949997,73.134285,23255300
2015-01-26,76.870003,76.93,74.980003,75.589996,71.841713,34907400
2015-01-27,75.019997,75.610001,74.620003,75.260002,71.528084,9927200
2015-01-28,74.849998,75.510002,73.410004,73.410004,69.769814,12731800
2015-01-29,73.120003,73.379997,72.110001,73.010002,69.389656,11889900
2015-01-30,72.839996,72.919998,71.209999,71.400002,67.859474,15810900
2015-02-02,70.980003,72.779999,70.910004,72.760002,69.152054,9912300
2015-02-03,73.480003,74.809998,73.139999,74.790001,71.08139,9746400
2015-02-04,74.650002,75.089996,73.980003,74.129997,70.454117,7378300
2015-02-05,75.129997,75.459999,74.709999,75.32,71.585106,5737700
2015-02-06,75.32,75.660004,74.300003,74.470001,70.777245,5421000
2015-02-09,74.260002,74.559998,73.470001,73.620003,69.969414,5470800
2015-02-10,73.959999,75.059998,73.739998,74.870003,71.157433,5663300
2015-02-11,74.900002,75.18,74.040001,74.389999,70.701225,7457700
2015-02-12,74.809998,75.040001,74.300003,74.93,71.214455,5542800
2015-02-13,74.459999,75.279999,73.730003,75.260002,71.528084,9009400
2015-02-17,76.540001,78.300003,76.330002,78.07,74.198738,13476900
2015-02-18,78.07,78.599998,77.970001,78.5,74.607414,7801400
2015-02-19,78.589996,78.589996,77.849998,78.129997,74.25576,6900500
2015-02-20,77.959999,78.800003,77.449997,78.790001,74.883026,6665200
2015-02-23,78.669998,79.449997,78.669998,79.25,75.320221,6051500
2015-02-24,79.110001,79.209999,78.730003,79.019997,75.101631,4855900
2015-02-25,79.019997,79.400002,78.440002,78.629997,74.730972,4598800
2015-02-26,78.739998,78.989998,78.379997,78.809998,74.902039,5413500
2015-02-27,78.529999,78.760002,77.559998,77.589996,73.742538,8848200
2015-03-02,77.589996,78.919998,77.589996,78.830002,74.921051,5240300
2015-03-03,78.800003,78.980003,77.370003,78.029999,74.160713,4662500
2015-03-04,77.559998,78.470001,77.050003,78.190002,74.312782,5382900
2015-03-05,78.379997,78.959999,78.040001,78.5,74.607414,5780500
2015-03-06,78.0,78.32,76.43,76.480003,72.687599,7052400
2015-03-09,76.57,77.120003,76.190002,76.900002,73.086761,6134400
2015-03-10,76.510002,76.660004,75.839996,75.870003,72.107841,5252700
2015-03-11,76.0,77.0,75.839996,76.050003,72.278908,6954600
2015-03-12,75.889999,76.830002,75.800003,76.760002,72.953705,4014400
2015-03-13,76.650002,76.68,75.879997,76.470001,72.67807,5289000
2015-03-16,76.889999,77.870003,76.870003,77.669998,73.818573,6497300
2015-03-17,77.419998,77.5,76.410004,76.720001,72.91568,4497300
2015-03-18,76.419998,78.199997,76.099998,77.610001,73.761566,5858300
2015-03-19,78.269997,78.269997,77.269997,77.660004,73.809067,4794000
2015-03-20,78.379997,78.449997,77.699997,78.019997,74.151222,9159500
2015-03-23,78.0,78.870003,77.93,78.669998,74.768982,6150800
2015-03-24,78.75,79.239998,78.68,78.720001,74.816505,5854900
2015-03-25,78.839996,79.5,77.550003,77.599998,73.752037,8133600
2015-03-26,76.940002,77.470001,76.510002,76.610001,73.09845,5590700
2015-03-27,76.540001,77.599998,76.5,77.379997,73.833145,4510300
2015-03-30,77.699997,78.449997,77.699997,78.419998,74.825485,3765900
2015-03-31,78.489998,78.839996,77.870003,77.989998,74.415199,5773400
2015-04-01,78.620003,78.730003,75.970001,76.139999,72.649994,8381400
2015-04-02,76.010002,77.120003,75.830002,76.870003,73.346527,5113600
2015-04-06,76.309998,77.550003,76.269997,77.360001,73.814079,4372000
2015-04-07,77.57,77.769997,77.150002,77.18,73.642311,3529200
2015-04-08,77.360001,77.449997,76.300003,76.389999,72.888512,6279600
2015-04-09,76.339996,77.199997,76.080002,77.129997,73.594612,4888900
2015-04-10,77.099998,77.959999,77.040001,77.93,74.357933,4521300
2015-04-13,77.599998,78.660004,77.370003,78.080002,74.50106,5782000
2015-04-14,78.0,78.059998,77.440002,77.889999,74.319778,3988200
2015-04-15,78.0,78.290001,77.720001,77.910004,74.338852,3388800
2015-04-16,77.779999,77.980003,76.949997,77.019997,73.489639,4201200
2015-04-17,76.440002,77.300003,76.239998,76.489998,72.983932,5815500
2015-04-20,76.839996,77.400002,76.760002,77.139999,73.604141,4249000
2015-04-21,77.489998,77.529999,76.919998,77.080002,73.546898,4265100
2015-04-22,77.400002,78.120003,77.059998,78.010002,74.434265,4861100
2015-04-23,77.760002,78.970001,77.550003,78.5,74.901817,4702400
2015-04-24,78.480003,78.480003,77.580002,77.610001,74.052605,4662000
2015-04-27,78.059998,78.150002,75.93,76.209999,72.716774,8739800
2015-04-28,75.410004,76.769997,74.419998,76.519997,73.012566,7761700
2015-04-29,76.150002,76.529999,75.0,75.690002,72.220619,5655300
2015-04-30,75.260002,75.629997,74.120003,74.449997,71.037453,6331500
2015-05-01,74.010002,75.68,74.010002,75.599998,72.134743,5883200
2015-05-04,76.0,76.230003,75.730003,75.900002,72.42099,3137300
2015-05-05,75.900002,76.150002,74.739998,74.910004,71.476379,3474900
2015-05-06,75.059998,75.25,73.730003,74.32,70.913406,4317100
2015-05-07,74.150002,74.809998,74.089996,74.599998,71.180588,5002700
2015-05-08,75.25,76.389999,75.25,76.209999,72.716774,3973100
2015-05-11,76.010002,76.440002,75.93,76.019997,72.535477,3126500
2015-05-12,75.410004,75.68,75.059998,75.199997,71.753075,3770000
2015-05-13,75.230003,75.540001,74.57,74.860001,71.428658,3506000
2015-05-14,75.349998,76.559998,75.160004,76.260002,72.764488,3877200
2015-05-15,76.32,76.419998,75.989998,76.419998,72.917145,4528400
2015-05-18,76.610001,77.760002,76.580002,77.470001,73.919029,5406500
2015-05-19,77.849998,78.699997,77.709999,78.440002,74.844566,6593600
2015-05-20,78.440002,79.080002,78.370003,78.790001,75.17852,6868700
2015-05-21,78.68,78.699997,78.290001,78.410004,74.815941,3537600
2015-05-22,78.269997,78.690002,77.800003,77.82,74.252975,2965700
2015-05-26,77.389999,77.43,76.360001,76.57,73.060272,4505100
2015-05-27,77.43,77.440002,76.470001,77.32,73.775894,3734900
2015-05-28,77.279999,77.839996,76.940002,77.209999,73.670952,4065900
2015-05-29,77.129997,77.379997,76.32,76.32,72.821724,7214400
2015-06-01,77.07,77.660004,76.32,76.699997,73.184319,6532400
2015-06-02,76.480003,77.440002,76.010002,76.879997,73.356056,7768800
2015-06-03,77.059998,77.279999,76.370003,76.830002,73.308365,6445200
2015-06-04,76.360001,76.830002,75.639999,76.040001,72.554573,8645600
2015-06-05,75.779999,75.989998,75.360001,75.459999,72.00116,6423000
2015-06-08,75.489998,75.809998,75.129997,75.139999,71.695824,6486700
2015-06-09,75.309998,75.400002,74.800003,74.919998,71.485909,6448900
2015-06-10,75.199997,76.339996,75.029999,76.160004,72.669067,6276500
2015-06-11,76.400002,76.620003,76.080002,76.220001,72.726311,5205400
2015-06-12,75.650002,75.970001,75.339996,75.519997,72.058403,5522800
2015-06-15,75.089996,75.699997,74.360001,75.419998,71.962982,5922300
2015-06-16,75.419998,75.75,75.099998,75.599998,72.134743,3727600
2015-06-17,75.559998,76.019997,75.349998,75.709999,72.239685,4894100
2015-06-18,75.760002,76.940002,75.760002,76.720001,73.203407,4598200
2015-06-19,76.980003,77.25,76.589996,76.709999,73.193855,7450600
2015-06-22,77.25,77.440002,76.919998,77.209999,73.670952,3791600
2015-06-23,77.529999,77.57,76.459999,76.610001,73.09845,5044600
2015-06-24,77.019997,77.019997,75.260002,75.269997,71.819855,4881000
2015-06-25,75.550003,76.489998,75.199997,75.480003,72.385681,5506300
2015-06-26,75.790001,75.889999,74.970001,75.160004,72.078804,5995500
2015-06-29,74.379997,74.790001,73.239998,73.300003,70.295044,5106500
2015-06-30,74.190002,74.669998,73.660004,74.099998,71.062248,7612800
2015-07-01,74.279999,74.709999,73.75,74.080002,71.043076,5147200
2015-07-02,74.260002,74.349998,73.480003,73.809998,70.784142,4589500
2015-07-06,73.080002,73.980003,72.800003,73.529999,70.515617,6684400
2015-07-07,73.639999,73.800003,72.199997,73.459999,70.448502,7498800
2015-07-08,72.870003,73.540001,72.790001,72.849998,69.863495,5623800
2015-07-09,73.809998,74.199997,73.089996,73.089996,70.093666,7005500
2015-07-10,74.089996,74.459999,73.879997,74.370003,71.32119,6640600
2015-07-13,74.779999,75.480003,74.779999,75.169998,72.088379,5796000
2015-07-14,75.379997,75.910004,75.209999,75.889999,72.778854,5486000
2015-07-15,75.860001,76.160004,75.739998,75.949997,72.836411,4601500
2015-07-16,76.620003,77.050003,76.57,76.800003,73.651573,4847300
2015-07-17,76.800003,76.959999,76.239998,76.910004,73.757072,4656500
2015-07-20,77.110001,77.150002,76.709999,77.0,73.843361,3205100
2015-07-21,76.82,77.139999,76.190002,76.540001,73.402222,3737500
2015-07-22,76.849998,77.110001,76.559998,76.82,73.670746,4578700
2015-07-23,76.739998,77.18,76.449997,76.800003,73.651573,3647900
2015-07-24,76.360001,76.620003,75.900002,76.010002,72.893951,3887300
2015-07-27,75.720001,75.959999,75.330002,75.660004,72.558304,4821000
2015-07-28,76.290001,77.510002,75.779999,77.470001,74.294098,4902200
2015-07-29,77.529999,77.940002,77.0,77.879997,74.687286,4981300
2015-07-30,77.650002,78.410004,77.400002,78.279999,75.070885,3842600
2015-07-31,78.489998,78.900002,78.160004,78.389999,75.176376,5180300
2015-08-03,78.089996,78.480003,77.559998,78.0,74.802376,4195600
2015-08-04,78.059998,78.199997,77.489998,77.769997,74.581787,2854300
2015-08-05,78.5,78.910004,78.269997,78.669998,75.444908,3561900
2015-08-06,78.599998,78.800003,77.129997,77.410004,74.236565,4262400
2015-08-07,77.510002,77.68,76.839996,77.480003,74.303688,3233600
2015-08-10,77.730003,78.239998,77.580002,77.620003,74.437958,3383300
2015-08-11,77.099998,77.629997,76.919998,77.389999,74.217377,4643800
2015-08-12,76.949997,77.400002,76.080002,77.389999,74.217377,4858200
2015-08-13,77.32,77.809998,76.989998,77.480003,74.303688,2989700
2015-08-14,77.099998,77.730003,77.099998,77.580002,74.399582,2158100
2015-08-17,77.339996,78.800003,77.160004,78.739998,75.512032,3622500
2015-08-18,78.379997,78.720001,78.029999,78.089996,74.88868,3796800
2015-08-19,77.709999,78.129997,76.959999,77.470001,74.294098,3832100
2015-08-20,76.610001,77.010002,76.440002,76.489998,73.354263,5062000
2015-08-21,75.839996,76.029999,74.269997,74.269997,71.225288,8817900
2015-08-24,67.800003,72.900002,55.540001,70.910004,68.003029,13366500
2015-08-25,72.879997,72.910004,69.839996,69.879997,67.015251,8199900
2015-08-26,71.809998,72.389999,70.269997,72.239998,69.278503,10681500
2015-08-27,73.800003,73.860001,71.940002,73.519997,70.50602,8603200
2015-08-28,73.480003,73.849998,72.889999,73.559998,70.54438,5513000
2015-08-31,73.720001,74.160004,71.989998,72.290001,69.326454,7463100
2015-09-01,70.669998,71.059998,69.0,69.529999,66.679611,8976400
2015-09-02,70.720001,71.550003,70.269997,71.550003,68.616798,9125800
2015-09-03,72.150002,72.5,69.830002,69.980003,67.11116,9501700
2015-09-04,68.860001,69.5,67.889999,68.980003,66.152153,12536800
2015-09-08,70.339996,70.860001,69.519997,70.800003,67.897537,7393500
2015-09-09,71.160004,71.400002,69.440002,69.589996,66.737129,7820900
2015-09-10,69.669998,70.709999,69.209999,70.010002,67.139923,6230700
2015-09-11,69.790001,70.160004,69.260002,69.900002,67.034439,5707900
2015-09-14,69.769997,69.889999,68.510002,68.730003,65.912399,6219600
2015-09-15,68.889999,70.019997,68.550003,69.93,67.06321,6392000
2015-09-16,69.690002,70.419998,69.559998,70.120003,67.245415,5159400
2015-09-17,70.230003,71.849998,70.129997,70.809998,67.907127,6031100
2015-09-18,70.019997,70.760002,69.959999,70.330002,67.446793,11475700
2015-09-21,70.809998,71.419998,69.989998,70.239998,67.360489,5613900
2015-09-22,69.519997,70.25,69.309998,70.139999,67.264595,7009300
2015-09-23,69.769997,70.120003,69.129997,69.290001,66.811409,4513300
2015-09-24,68.580002,68.879997,67.860001,68.379997,65.933945,6840700
2015-09-25,69.199997,69.269997,66.080002,66.529999,64.150131,8229200
2015-09-28,66.080002,66.300003,63.98,64.519997,62.212032,9965800
2015-09-29,65.019997,68.010002,64.949997,66.370003,63.995865,11377700
2015-09-30,67.489998,67.610001,66.239998,66.940002,64.545464,7986700
2015-10-01,66.860001,68.480003,66.349998,68.400002,65.953239,10973200
2015-10-02,67.629997,71.290001,67.230003,71.129997,68.585587,12348400
2015-10-05,71.620003,71.660004,70.440002,70.870003,68.334892,7794100
2015-10-06,70.620003,70.839996,68.849998,69.919998,67.418869,8340500
2015-10-07,70.110001,71.300003,69.739998,70.940002,68.402382,5794200
2015-10-08,70.339996,72.18,70.120003,72.050003,69.472687,6663200
2015-10-09,72.089996,73.75,71.760002,72.599998,70.002998,9449500
2015-10-12,72.480003,73.43,72.389999,73.010002,70.398338,5557900
2015-10-13,73.160004,73.779999,72.639999,72.790001,70.186203,5762000
2015-10-14,72.68,73.300003,72.050003,72.199997,69.617317,4607900
2015-10-15,72.449997,73.449997,71.720001,73.43,70.803322,5966000
2015-10-16,73.769997,74.400002,73.400002,74.110001,71.458977,5154200
2015-10-19,74.220001,74.5,73.5,74.239998,71.584335,5190700
2015-10-20,73.959999,74.029999,73.370003,73.639999,71.005798,3778600
2015-10-21,74.0,74.129997,72.529999,73.419998,70.793671,4324900
2015-10-22,73.720001,73.839996,72.650002,73.07,70.456192,5648200
2015-10-23,73.400002,74.150002,73.019997,73.690002,71.054016,5619100
2015-10-26,73.599998,73.959999,72.629997,72.760002,70.15728,6459200
2015-10-27,73.07,73.459999,72.269997,72.68,70.080147,4762300
2015-10-28,72.860001,73.580002,72.260002,73.540001,70.909378,4037800
2015-10-29,73.480003,74.120003,73.260002,73.760002,71.121506,3833000
2015-10-30,73.809998,74.349998,73.550003,73.919998,71.27578,5315800
2015-11-02,74.040001,75.839996,73.889999,75.75,73.040329,6131600
2015-11-03,75.660004,76.660004,75.290001,76.300003,73.570656,5021300
2015-11-04,76.5,76.660004,75.910004,76.160004,73.435661,4221000
2015-11-05,76.0,76.43,75.589996,76.169998,73.445297,3776300
2015-11-06,75.940002,76.07,75.489998,76.059998,73.339226,4178100
2015-11-09,75.879997,76.169998,75.209999,75.870003,73.156036,4363900
2015-11-10,75.830002,76.639999,75.57,76.400002,73.667076,3832600
2015-11-11,76.519997,76.75,75.790001,76.059998,73.339226,4265300
2015-11-12,75.620003,75.620003,74.190002,74.209999,71.555405,5046000
2015-11-13,74.379997,75.089996,74.25,74.459999,71.796471,4331000
2015-11-16,74.489998,76.300003,74.449997,76.239998,73.512794,4400600
2015-11-17,76.099998,76.980003,75.839996,76.580002,73.840645,4348600
2015-11-18,76.559998,77.669998,76.25,77.559998,74.785576,5147100
2015-11-19,77.370003,77.489998,75.68,75.75,73.040329,6832600
2015-11-20,76.199997,76.629997,75.769997,76.089996,73.368156,6229500
2015-11-23,76.239998,76.75,75.889999,76.559998,73.821358,4708900
2015-11-24,75.970001,76.769997,75.779999,76.559998,73.821358,4226100
2015-11-25,76.470001,76.860001,76.129997,76.559998,73.821358,4428800
2015-11-27,76.830002,77.0,76.269997,76.459999,73.72493,2403100
2015-11-30,76.550003,76.760002,75.32,75.339996,72.644981,10189900
2015-12-01,75.839996,76.589996,75.379997,76.510002,73.77314,5705100
2015-12-02,76.389999,76.449997,75.620003,76.110001,73.387451,7931100
2015-12-03,76.690002,78.610001,76.410004,76.669998,73.927406,11676300
2015-12-04,76.989998,78.349998,76.910004,78.139999,75.344826,8903800
2015-12-07,78.279999,78.5,77.269997,77.949997,75.161621,5385400
2015-12-08,77.599998,78.220001,77.410004,78.080002,75.28698,6717000
2015-12-09,77.889999,78.779999,77.099998,77.559998,74.785576,5393000
2015-12-10,77.720001,78.279999,77.190002,77.440002,74.669876,4995000
2015-12-11,76.5,77.129997,76.129997,76.650002,73.908134,6108100
2015-12-14,76.639999,77.190002,75.589996,76.650002,73.908134,5471900
2015-12-15,77.209999,78.040001,76.809998,77.099998,74.342041,6226100
2015-12-16,77.849998,78.639999,76.980003,78.57,75.759445,5204200
2015-12-17,78.5,78.919998,77.870003,77.900002,75.113411,4991600
2015-12-18,77.440002,77.5,76.309998,76.309998,73.580284,13094400
2015-12-21,77.019997,77.260002,76.050003,76.68,73.937057,3533200
2015-12-22,76.779999,77.339996,76.239998,77.32,74.925453,2953900
2015-12-23,77.699997,77.970001,77.400002,77.650002,75.245255,3171400
2015-12-24,77.510002,78.07,77.510002,77.629997,75.225861,1453100
2015-12-28,77.370003,77.5,76.970001,77.18,74.78981,2959400
2015-12-29,77.620003,78.029999,77.25,77.849998,75.439049,3280200
2015-12-30,77.849998,78.059998,77.360001,77.529999,75.128967,2537700
2015-12-31,77.059998,77.669998,76.849998,76.919998,74.537849,2958600
