2014-01-02,40.369999,40.41,40.16,40.310001,35.731602,1250400
2014-01-03,40.330002,40.439999,40.18,40.259998,35.687275,869400
2014-01-06,40.169998,40.32,40.099998,40.150002,35.589767,970900
2014-01-07,40.23,40.400002,40.220001,40.299999,35.72274,1217100
2014-01-08,39.860001,39.880001,39.720001,39.830002,35.306118,1674900
2014-01-09,39.150002,39.540001,39.119999,39.5,35.013607,2456300
2014-01-10,39.459999,39.810001,39.459999,39.740002,35.226349,2284000
2014-01-13,39.119999,39.610001,39.110001,39.450001,34.969284,2126300
2014-01-14,39.990002,40.02,39.759998,39.959999,35.421356,2488500
2014-01-15,39.389999,39.610001,39.209999,39.419998,34.942692,2378600
2014-01-16,39.889999,40.110001,39.779999,40.099998,35.545448,1395500
2014-01-17,39.970001,40.139999,39.779999,39.830002,35.306118,1790600
2014-01-21,41.419998,41.419998,40.869999,41.130001,36.458466,1827300
2014-01-22,41.599998,41.77,41.580002,41.709999,36.972591,1288100
2014-01-23,41.599998,41.689999,41.459999,41.599998,36.875076,1056000
2014-01-24,41.23,41.23,40.52,40.52,35.917751,1433000
2014-01-27,40.66,40.689999,40.290001,40.360001,35.775921,1613300
2014-01-28,40.27,40.360001,40.110001,40.25,35.678417,1224200
2014-01-29,39.610001,39.75,39.439999,39.529999,35.040192,1352800
2014-01-30,39.290001,39.389999,39.009998,39.150002,34.703354,2000000
2014-01-31,38.400002,38.810001,38.299999,38.610001,34.224686,2055700
2014-02-03,38.630001,38.689999,38.0,38.009998,33.692833,2289200
2014-02-04,38.240002,38.27,38.049999,38.189999,33.85239,1381200
2014-02-05,37.639999,37.959999,37.630001,37.849998,33.87476,1174300
2014-02-06,38.18,38.630001,38.119999,38.580002,34.528103,1413200
2014-02-07,38.84,39.150002,38.759998,39.110001,35.002438,1368000
2014-02-10,39.02,39.299999,39.0,39.259998,35.136673,1007800
2014-02-11,39.27,39.73,39.189999,39.66,35.494663,1234200
2014-02-12,39.419998,39.490002,39.27,39.32,35.19038,1222500
2014-02-13,39.240002,39.580002,39.23,39.540001,35.387276,906500
2014-02-14,39.330002,39.57,39.32,39.560001,35.405167,1237800
2014-02-18,40.330002,40.52,40.119999,40.41,36.165901,1279600
2014-02-19,40.400002,40.669998,40.369999,40.43,36.1838,878700
2014-02-20,40.509998,40.84,40.400002,40.740002,36.461235,955600
2014-02-21,40.709999,40.939999,40.560001,40.59,36.326996,1093100
2014-02-24,40.82,41.290001,40.77,41.07,36.75658,1267700
2014-02-25,41.27,41.43,41.07,41.34,36.99823,3395000
2014-02-26,41.049999,41.119999,40.709999,40.779999,36.49704,1232800
2014-02-27,40.66,41.029999,40.639999,40.990002,36.684986,1019700
2014-02-28,41.029999,41.189999,40.84,41.029999,36.720776,1630300
2014-03-03,40.369999,40.529999,40.139999,40.240002,36.013752,1292300
2014-03-04,41.060001,41.290001,41.0,41.25,36.917675,916600
2014-03-05,40.889999,41.110001,40.860001,40.950001,36.649181,649200
2014-03-06,40.82,40.990002,40.790001,40.860001,36.568638,1010000
2014-03-07,40.869999,40.939999,40.639999,40.900002,36.604435,994800
2014-03-10,40.599998,40.66,39.900002,40.150002,35.933205,4951700
2014-03-11,39.869999,39.950001,39.610001,39.689999,35.521511,2661700
2014-03-12,39.310001,39.68,39.310001,39.619999,35.45887,1745400
2014-03-13,39.66,39.700001,39.139999,39.240002,35.11879,1826300
2014-03-14,39.389999,39.59,39.259998,39.48,35.333569,1887800
2014-03-17,39.380001,39.650002,39.380001,39.52,35.369381,1202400
2014-03-18,39.43,39.810001,39.43,39.700001,35.530468,999000
2014-03-19,39.759998,39.889999,39.259998,39.439999,35.297775,1156900
2014-03-20,39.09,39.41,39.049999,39.27,35.145634,915000
2014-03-21,39.709999,40.02,39.580002,39.68,35.512569,1586800
2014-03-24,40.029999,40.240002,39.779999,40.150002,35.933205,1218400
2014-03-25,40.529999,41.07,40.470001,40.950001,36.649181,1665900
2014-03-26,41.259998,41.34,41.0,41.060001,36.747635,803500
2014-03-27,41.32,41.740002,41.23,41.599998,37.230919,2865900
2014-03-28,42.130001,42.650002,42.110001,42.619999,38.143787,1822000
2014-03-31,42.82,42.84,42.669998,42.779999,38.286987,1220600
2014-04-01,42.330002,42.68,42.299999,42.610001,38.134842,965400
2014-04-02,42.619999,42.68,42.43,42.48,38.018494,520700
2014-04-03,42.189999,42.360001,42.110001,42.310001,37.866352,1067600
2014-04-04,42.220001,42.330002,41.970001,42.0,37.588905,1612400
2014-04-07,42.25,42.380001,42.18,42.200001,37.767914,1130400
2014-04-08,43.310001,43.799999,43.299999,43.68,39.092468,1980500
2014-04-09,44.060001,44.119999,43.779999,44.080002,39.450455,1034400
2014-04-10,44.060001,44.240002,43.650002,43.650002,39.06562,934100
2014-04-11,44.119999,44.27,43.98,44.040001,39.414654,2019000
2014-04-14,44.790001,44.790001,44.5,44.689999,39.99638,1369000
2014-04-15,44.220001,44.25,43.93,44.16,39.522049,1587400
2014-04-16,44.32,44.34,44.07,44.32,39.665245,1089600
2014-04-17,43.619999,44.18,43.59,44.169998,39.530991,1199700
2014-04-21,44.220001,44.310001,44.130001,44.209999,39.566803,664700
2014-04-22,44.189999,44.23,43.98,44.049999,39.423599,952800
2014-04-23,44.139999,44.299999,44.09,44.189999,39.548904,591400
2014-04-24,43.380001,43.700001,43.169998,43.610001,39.029816,1120300
2014-04-25,43.689999,43.869999,43.52,43.830002,39.226704,1021100
2014-04-28,44.029999,44.32,43.93,44.279999,39.62944,1597400
2014-04-29,44.380001,44.77,44.32,44.66,39.969536,4271700
2014-04-30,44.77,44.830002,44.639999,44.740002,40.041134,1929000
2014-05-01,44.490002,44.599998,44.360001,44.52,39.844242,1168200
2014-05-02,43.950001,44.220001,43.93,44.07,39.441505,915700
2014-05-05,43.98,44.240002,43.91,44.139999,39.504158,655200
2014-05-06,44.169998,44.360001,44.060001,44.130001,39.495201,847000
2014-05-07,43.950001,44.200001,43.919998,44.139999,39.860031,874400
2014-05-08,44.259998,44.419998,44.209999,44.259998,39.968391,722900
2014-05-09,44.540001,44.580002,44.32,44.400002,40.094822,1390200
2014-05-12,44.68,44.759998,44.599998,44.689999,40.356701,1317400
2014-05-13,44.68,44.759998,44.540001,44.68,40.347664,654000
2014-05-14,44.639999,44.779999,44.57,44.599998,40.275421,1524900
2014-05-15,45.209999,45.23,44.889999,44.98,40.61858,2348300
2014-05-16,45.459999,45.549999,45.34,45.52,41.106209,1198400
2014-05-19,45.939999,45.950001,45.689999,45.849998,41.404221,1233800
2014-05-20,45.27,45.509998,45.150002,45.259998,40.871426,1029500
2014-05-21,45.43,45.5,45.279999,45.43,41.024948,1177200
2014-05-22,45.16,45.189999,44.91,44.919998,40.564396,1096100
2014-05-23,44.709999,44.91,44.689999,44.82,40.474091,769300
2014-05-27,44.779999,44.889999,44.57,44.73,40.39283,792600
2014-05-28,44.400002,44.68,44.369999,44.549999,40.230278,717400
2014-05-29,44.939999,45.0,44.84,44.93,40.573429,790400
2014-05-30,44.939999,45.029999,44.849998,44.970001,40.60955,1041100
2014-06-02,44.889999,44.93,44.77,44.869999,40.519238,853800
2014-06-03,45.009998,45.240002,44.959999,45.23,40.844337,2562500
2014-06-04,45.139999,45.16,44.889999,45.0,40.636642,1092100
2014-06-05,44.91,45.099998,44.77,45.049999,40.681793,1074900
2014-06-06,44.25,44.439999,44.139999,44.419998,40.112885,1540200
2014-06-09,44.459999,44.68,44.450001,44.599998,40.275421,684000
2014-06-10,44.810001,45.040001,44.790001,44.970001,40.60955,611200
2014-06-11,45.060001,45.060001,44.860001,44.919998,40.564396,777500
2014-06-12,45.400002,45.43,45.200001,45.25,40.8624,904200
2014-06-13,45.240002,45.330002,45.049999,45.150002,40.772095,611700
2014-06-16,45.119999,45.279999,45.040001,45.18,40.799179,456400
2014-06-17,45.240002,45.439999,45.23,45.34,40.943668,757200
2014-06-18,45.360001,45.529999,45.189999,45.52,41.106209,607600
2014-06-19,45.720001,45.939999,45.610001,45.66,41.232647,537800
2014-06-20,45.650002,45.779999,45.580002,45.619999,41.196526,560600
2014-06-23,45.799999,45.799999,45.529999,45.709999,41.277786,959800
2014-06-24,45.720001,45.860001,45.599998,45.610001,41.187489,895000
2014-06-25,45.169998,45.330002,45.029999,45.099998,40.726944,904500
2014-06-26,45.0,45.099998,44.619999,45.049999,40.681793,504000
2014-06-27,44.93,44.959999,44.82,44.959999,40.600525,510600
2014-06-30,45.259998,45.400002,45.18,45.310001,40.91658,607300
2014-07-01,45.310001,45.650002,45.25,45.630001,41.205555,886300
2014-07-02,45.509998,45.73,45.490002,45.720001,41.286827,1016300
2014-07-03,45.689999,45.990002,45.689999,45.849998,41.404221,500500
2014-07-07,45.48,45.68,45.439999,45.610001,41.187489,882500
2014-07-08,45.43,45.630001,45.41,45.549999,41.133308,1284800
2014-07-09,45.150002,45.349998,45.09,45.259998,40.871426,1126600
2014-07-10,44.619999,44.759998,44.450001,44.700001,40.365726,1511300
2014-07-11,44.619999,44.93,44.599998,44.889999,40.537308,852500
2014-07-14,45.209999,45.279999,45.110001,45.200001,40.817249,902000
2014-07-15,45.029999,45.080002,44.759998,44.860001,40.510212,1276700
2014-07-16,45.209999,45.290001,45.080002,45.18,40.799179,541200
2014-07-17,45.349998,45.580002,44.970001,45.0,40.636642,595600
2014-07-18,44.82,45.099998,44.740002,45.02,40.654701,441400
2014-07-21,45.0,45.27,44.939999,45.240002,40.853374,468600
2014-07-22,45.860001,45.869999,45.709999,45.810001,41.368107,1292900
2014-07-23,45.950001,45.950001,45.560001,45.599998,41.178455,944900
2014-07-24,45.349998,45.349998,45.049999,45.130001,40.75404,670500
2014-07-25,44.650002,44.759998,44.32,44.450001,40.139965,631800
2014-07-28,44.709999,44.73,44.41,44.59,40.266399,629300
2014-07-29,45.0,45.009998,44.59,44.619999,40.293484,653400
2014-07-30,44.200001,44.25,43.880001,44.0,39.733604,779200
2014-07-31,43.459999,43.549999,43.189999,43.23,39.038258,772700
2014-08-01,43.080002,43.380001,43.07,43.16,38.975048,800100
2014-08-04,43.150002,43.169998,42.66,42.91,38.749287,986000
2014-08-05,43.220001,43.259998,42.959999,43.049999,38.875721,603900
2014-08-06,42.52,43.060001,42.5,43.009998,39.189156,787200
2014-08-07,43.41,43.41,42.959999,43.02,39.198265,687700
2014-08-08,42.59,42.98,42.509998,42.970001,39.15271,546200
2014-08-11,42.939999,43.099998,42.880001,42.990002,39.170937,871100
2014-08-12,42.970001,43.110001,42.889999,43.049999,39.225605,695700
2014-08-13,43.09,43.18,42.98,43.18,39.344055,725600
2014-08-14,43.389999,43.43,43.189999,43.34,39.489841,883000
2014-08-15,43.709999,43.810001,43.310001,43.509998,39.644741,689700
2014-08-18,43.639999,43.700001,43.5,43.529999,39.662964,818300
2014-08-19,43.73,43.849998,43.669998,43.849998,39.954536,642500
2014-08-20,43.639999,43.740002,43.57,43.59,39.717632,945300
2014-08-21,43.709999,43.869999,43.619999,43.830002,39.936314,643100
2014-08-22,43.599998,43.669998,43.360001,43.439999,39.580959,522800
2014-08-25,43.73,43.970001,43.650002,43.830002,39.936314,455200
2014-08-26,43.900002,44.060001,43.869999,43.900002,40.000099,493800
2014-08-27,43.919998,43.950001,43.790001,43.810001,39.918091,1289200
2014-08-28,43.900002,43.990002,43.82,43.880001,39.981876,820800
2014-08-29,43.98,44.080002,43.73,44.060001,40.145878,491600
2014-09-02,44.25,44.279999,44.060001,44.18,40.255219,480400
2014-09-03,44.560001,44.580002,44.34,44.41,40.464794,923000
2014-09-04,44.75,44.959999,44.5,44.560001,40.601467,724500
2014-09-05,44.419998,44.619999,44.349998,44.610001,40.647022,388200
2014-09-08,43.93,44.080002,43.830002,43.830002,39.936314,905500
2014-09-09,43.68,43.709999,43.509998,43.599998,39.726746,609000
2014-09-10,43.580002,43.75,43.509998,43.720001,39.83609,591900
2014-09-11,43.48,43.709999,43.43,43.610001,39.735855,597700
2014-09-12,43.75,43.790001,43.52,43.75,39.863419,800700
2014-09-15,43.689999,43.790001,43.52,43.75,39.863419,1480600
2014-09-16,43.59,43.779999,43.43,43.720001,39.83609,1125800
2014-09-17,42.98,43.0,42.529999,42.57,38.78825,1598900
2014-09-18,42.540001,42.830002,42.540001,42.75,38.952259,1120400
2014-09-19,42.810001,42.860001,42.5,42.560001,38.779137,1286800
2014-09-22,42.549999,42.709999,42.470001,42.709999,38.915798,1376400
2014-09-23,42.18,42.310001,42.049999,42.23,38.478455,1209700
2014-09-24,41.98,42.349998,41.950001,42.299999,38.542233,2085200
2014-09-25,41.900002,41.98,41.630001,41.709999,38.004642,1435100
2014-09-26,41.849998,42.060001,41.619999,42.0,38.268883,1019000
2014-09-29,41.34,41.790001,41.299999,41.720001,38.013763,928600
2014-09-30,41.75,42.119999,41.709999,41.900002,38.177765,1157500
2014-10-01,41.419998,41.490002,41.119999,41.18,37.521729,895900
2014-10-02,41.0,41.02,40.759998,40.950001,37.312164,2083100
2014-10-03,40.689999,40.830002,40.599998,40.77,37.148148,1603800
2014-10-06,40.919998,41.029999,40.77,41.02,37.375946,1054300
2014-10-07,40.689999,40.790001,40.400002,40.419998,36.829243,1090400
2014-10-08,40.709999,41.32,40.68,41.290001,37.621956,1162300
2014-10-09,41.209999,41.389999,40.759998,40.77,37.148148,1037600
2014-10-10,40.5,40.639999,40.349998,40.360001,36.774582,825300
2014-10-13,40.52,40.610001,40.150002,40.150002,36.583241,1071100
2014-10-14,40.049999,40.41,40.029999,40.169998,36.601448,1205500
2014-10-15,40.290001,40.380001,39.380001,39.98,36.428333,1393200
2014-10-16,39.139999,39.619999,39.0,39.389999,35.890743,2066100
2014-10-17,39.939999,40.330002,39.77,40.27,36.692577,1340500
2014-10-20,40.049999,40.529999,40.02,40.509998,36.911243,733600
2014-10-21,40.619999,41.09,40.580002,41.049999,37.403278,1090800
2014-10-22,40.599998,40.93,40.48,40.48,36.883911,1738300
2014-10-23,39.66,39.68,39.130001,39.139999,35.662952,3491200
2014-10-24,38.82,39.139999,38.790001,38.970001,35.508057,5691000
2014-10-27,39.110001,39.52,39.040001,39.43,35.927193,2481800
2014-10-28,39.849998,39.98,39.700001,39.959999,36.41011,1759900
2014-10-29,40.189999,40.259998,39.689999,39.849998,36.309879,825500
2014-10-30,39.439999,39.939999,39.41,39.790001,36.255207,1052600
2014-10-31,40.389999,40.43,40.139999,40.23,36.65612,4966500
2014-11-03,39.73,39.970001,39.599998,39.950001,36.401005,3485200
2014-11-04,39.849998,40.130001,39.830002,40.099998,36.537678,4459400
2014-11-05,39.950001,40.060001,39.77,39.98,36.762032,1945700
2014-11-06,40.029999,40.169998,39.919998,39.959999,36.743641,1216500
2014-11-07,39.720001,39.98,39.59,39.98,36.762032,1939900
2014-11-10,40.389999,40.450001,40.209999,40.330002,37.083858,1684800
2014-11-11,40.68,40.790001,40.580002,40.740002,37.460869,1488600
2014-11-12,40.450001,40.509998,40.310001,40.400002,37.148232,719300
2014-11-13,40.650002,40.970001,40.610001,40.700001,37.42408,1379700
2014-11-14,40.5,40.759998,40.400002,40.709999,37.433277,1022800
2014-11-17,40.400002,40.720001,40.380001,40.669998,37.396488,869200
2014-11-18,40.98,40.990002,40.860001,40.919998,37.626366,771200
2014-11-19,41.23,41.450001,41.040001,41.32,37.994175,896900
2014-11-20,41.299999,41.450001,41.25,41.34,38.012569,1124800
2014-11-21,41.689999,41.77,41.369999,41.470001,38.132103,927500
2014-11-24,41.77,41.779999,41.529999,41.59,38.242447,1118500
2014-11-25,41.509998,41.540001,41.200001,41.32,37.994175,957100
2014-11-26,41.630001,41.669998,41.52,41.59,38.242447,716400
2014-11-28,42.139999,42.389999,42.110001,42.139999,38.74818,470800
2014-12-01,42.32,42.32,42.080002,42.119999,38.729782,778600
2014-12-02,42.459999,42.48,42.139999,42.259998,38.858517,788000
2014-12-03,42.080002,42.080002,41.84,41.98,38.601059,1678900
2014-12-04,42.52,42.540001,42.009998,42.110001,38.720589,1250200
2014-12-05,42.52,42.52,42.27,42.419998,39.005634,1130000
2014-12-08,42.34,42.529999,42.16,42.259998,38.858517,1181600
2014-12-09,42.029999,42.080002,41.700001,41.82,38.45393,1083000
2014-12-10,41.900002,41.919998,41.470001,41.529999,38.187275,1001500
2014-12-11,41.57,41.759998,41.369999,41.450001,38.113712,1071300
2014-12-12,41.369999,41.450001,40.290001,40.290001,37.047085,1489400
2014-12-15,40.41,40.540001,39.5,39.630001,36.440205,1121600
2014-12-16,39.630001,40.48,39.509998,39.970001,36.752842,1541800
2014-12-17,39.919998,40.540001,39.849998,40.23,36.991905,1080400
2014-12-18,40.400002,41.369999,40.400002,41.369999,38.04015,806200
2014-12-19,40.709999,41.209999,40.599998,41.099998,37.791885,1111300
2014-12-22,41.389999,41.52,41.240002,41.439999,38.104515,916800
2014-12-23,41.32,41.509998,41.200001,41.400002,38.067738,1004400
2014-12-24,41.43,41.619999,41.419998,41.490002,38.150494,375200
2014-12-26,41.57,41.75,41.529999,41.540001,38.196468,335900
2014-12-29,41.209999,41.470001,41.189999,41.279999,37.957397,1009200
2014-12-30,40.950001,41.110001,40.75,40.759998,37.479256,783300
2014-12-31,40.900002,40.93,40.450001,40.48,37.221786,434300
2015-01-02,40.27,40.349998,39.849998,39.98,36.762032,907700
2015-01-05,39.34,39.470001,39.040001,39.23,36.072399,1347000
2015-01-06,39.259998,39.529999,38.880001,39.029999,35.8885,1416000
2015-01-07,39.099998,39.5,39.0,39.450001,36.2747,1067100
2015-01-08,39.860001,40.330002,39.849998,40.18,36.945938,1127900
2015-01-09,40.110001,40.139999,39.619999,39.849998,36.64249,1042000
2015-01-12,40.439999,40.619999,40.110001,40.459999,37.2034,1124700
2015-01-13,41.040001,41.09,40.330002,40.630001,37.359715,1112300
2015-01-14,40.84,41.049999,40.66,40.93,37.635567,1256700
2015-01-15,41.330002,41.52,41.080002,41.299999,37.975796,1153000
2015-01-16,41.740002,41.84,41.330002,41.779999,38.417149,1142600
2015-01-20,41.25,41.48,41.049999,41.369999,38.04015,1847100
2015-01-21,41.48,42.049999,41.330002,42.009998,38.628635,2523700
2015-01-22,41.34,42.139999,41.330002,42.009998,38.628635,3358600
2015-01-23,42.669998,42.91,42.48,42.509998,39.088383,1476400
2015-01-26,42.950001,43.630001,42.860001,43.599998,40.09066,4242600
2015-01-27,43.610001,44.049999,43.610001,43.91,40.37571,1628200
2015-01-28,44.02,44.040001,43.470001,43.490002,39.98951,1282000
2015-01-29,44.560001,44.689999,44.279999,44.669998,41.074539,1850100
2015-01-30,44.240002,44.279999,43.880001,43.970001,40.430885,2073500
2015-02-02,43.560001,43.939999,43.389999,43.880001,40.348122,998100
2015-02-03,43.700001,43.950001,43.610001,43.91,40.37571,1741200
2015-02-04,43.279999,43.560001,43.16,43.349998,40.158012,2164000
2015-02-05,43.220001,43.529999,43.18,43.529999,40.324757,1648800
2015-02-06,42.880001,42.98,42.509998,42.669998,39.52808,1021100
2015-02-09,42.18,42.860001,42.18,42.740002,39.592926,954800
2015-02-10,42.779999,43.060001,42.580002,42.939999,39.778206,781000
2015-02-11,42.950001,43.080002,42.740002,42.939999,39.778206,617400
2015-02-12,42.810001,43.240002,42.799999,43.200001,40.019062,1170300
2015-02-13,43.119999,43.139999,42.799999,43.029999,39.861568,986600
2015-02-17,43.029999,43.279999,42.669998,43.18,40.00053,1143600
2015-02-18,42.650002,43.139999,42.610001,43.029999,39.861568,1092500
2015-02-19,43.259998,43.5,43.16,43.259998,40.074642,1309900
2015-02-20,42.810001,43.459999,42.720001,43.34,40.148754,1916700
2015-02-23,43.580002,43.919998,43.470001,43.849998,40.621197,2700000
2015-02-24,44.07,44.259998,43.790001,44.139999,40.889847,1490800
2015-02-25,44.139999,44.139999,43.669998,43.98,40.741623,1406900
2015-02-26,43.720001,44.169998,43.720001,44.049999,40.806473,1921200
2015-02-27,44.009998,44.369999,43.98,44.110001,40.862049,1732700
2015-03-02,44.27,44.349998,44.029999,44.200001,40.945427,1288000
2015-03-03,44.360001,44.389999,43.959999,44.049999,40.806473,1500300
2015-03-04,43.84,43.950001,43.59,43.720001,40.500767,1971400
2015-03-05,44.27,44.369999,44.169998,44.279999,41.019531,982200
2015-03-06,43.720001,43.75,42.959999,43.02,39.85231,886700
2015-03-09,42.869999,42.91,42.560001,42.73,39.583664,929000
2015-03-10,42.509998,42.57,42.130001,42.130001,39.027843,1148600
2015-03-11,42.240002,42.279999,41.990002,42.080002,38.981533,1186100
2015-03-12,42.200001,42.349998,41.91,42.099998,39.000053,1105900
2015-03-13,41.709999,42.09,41.689999,42.060001,38.963005,1181100
2015-03-16,42.509998,42.849998,42.490002,42.689999,39.546608,787200
2015-03-17,42.43,42.599998,42.209999,42.52,39.38913,714500
2015-03-18,42.709999,43.77,42.610001,43.599998,40.389599,1515500
2015-03-19,42.810001,42.900002,42.48,42.529999,39.398396,1350300
2015-03-20,43.110001,43.41,42.98,43.240002,40.056114,1416000
2015-03-23,43.23,43.5,43.150002,43.290001,40.102432,805200
2015-03-24,43.419998,43.509998,43.049999,43.07,39.898628,955000
2015-03-25,43.310001,43.34,42.720001,42.720001,39.574402,851900
2015-03-26,42.419998,42.490002,42.07,42.369999,39.250172,917300
2015-03-27,42.130001,42.560001,42.110001,42.509998,39.379864,633300
2015-03-30,42.540001,42.939999,42.52,42.810001,39.657776,763400
2015-03-31,41.580002,42.060001,41.57,41.709999,38.638771,1443000
2015-04-01,41.73,41.880001,41.459999,41.830002,38.749935,1589400
2015-04-02,42.169998,42.529999,42.139999,42.490002,39.36134,1195700
2015-04-06,42.52,43.049999,42.52,42.779999,39.629978,635600
2015-04-07,43.209999,43.450001,43.009998,43.029999,39.861568,882100
2015-04-08,43.330002,43.369999,42.799999,42.939999,39.778206,670600
2015-04-09,43.18,43.200001,42.919998,42.98,39.815258,851200
2015-04-10,42.689999,43.0,42.669998,42.869999,39.71336,607800
2015-04-13,42.639999,42.759998,42.509998,42.540001,39.407654,527500
2015-04-14,42.799999,43.029999,42.669998,42.939999,39.778206,788300
2015-04-15,43.450001,43.610001,43.169998,43.400002,40.20433,1107700
2015-04-16,45.139999,45.16,44.700001,45.060001,41.7421,2046900
2015-04-17,44.880001,44.889999,44.509998,44.709999,41.417877,1993100
2015-04-20,44.889999,44.939999,44.57,44.630001,41.343769,1350900
2015-04-21,45.080002,45.150002,44.889999,44.98,41.667988,852500
2015-04-22,44.619999,44.73,44.349998,44.490002,41.50845,1262100
2015-04-23,44.360001,44.990002,44.330002,44.880001,41.872322,934200
2015-04-24,44.91,45.18,44.779999,44.970001,41.956284,686000
2015-04-27,45.299999,45.310001,44.990002,45.080002,42.058914,785600
2015-04-28,44.650002,44.880001,44.48,44.779999,41.779015,764900
2015-04-29,44.41,44.52,43.84,43.98,41.032627,1042800
2015-04-30,43.82,44.099998,43.740002,43.82,40.88335,789500
2015-05-01,43.509998,43.830002,43.400002,43.830002,40.892689,895800
2015-05-04,43.77,43.93,43.689999,43.830002,40.892689,624400
2015-05-05,43.689999,43.779999,42.98,43.0,40.118305,1269400
2015-05-06,43.41,43.419998,42.950001,43.099998,40.211605,929500
2015-05-07,42.98,43.290001,42.880001,43.25,40.351555,884400
2015-05-08,44.169998,44.77,44.139999,44.610001,41.620415,1242200
2015-05-11,44.16,44.549999,44.07,44.349998,41.377831,1033400
2015-05-12,44.09,44.310001,43.98,44.200001,41.237888,899800
2015-05-13,44.41,44.580002,44.099998,44.299999,41.331192,1632700
2015-05-14,44.889999,45.029999,44.790001,44.990002,41.974941,825200
2015-05-15,44.869999,44.970001,44.639999,44.900002,41.89098,602700
2015-05-18,44.52,44.73,44.439999,44.66,41.667053,522700
2015-05-19,44.630001,44.959999,44.540001,44.830002,41.825668,666800
2015-05-20,44.66,45.0,44.66,44.860001,41.853653,545600
2015-05-21,44.880001,45.0,44.77,44.900002,41.89098,450400
2015-05-22,44.900002,44.900002,44.509998,44.549999,41.564426,458200
2015-05-26,44.400002,44.459999,43.790001,43.889999,40.948662,665800
2015-05-27,44.02,44.580002,43.950001,44.52,41.536442,801400
2015-05-28,44.619999,44.630001,44.299999,44.529999,41.545776,467000
2015-05-29,44.419998,44.470001,43.919998,44.150002,41.191238,618000
2015-06-01,44.049999,44.099998,43.509998,43.759998,40.82737,770800
2015-06-02,43.599998,43.779999,43.34,43.630001,40.706089,1015800
2015-06-03,44.400002,44.439999,44.080002,44.16,41.200565,910900
2015-06-04,43.889999,44.41,43.77,43.860001,40.920673,798800
2015-06-05,43.169998,43.209999,42.799999,42.959999,40.080986,921700
2015-06-08,42.889999,43.060001,42.689999,42.900002,40.025017,790900
2015-06-09,42.799999,42.950001,42.509998,42.860001,39.987686,684100
2015-06-10,43.360001,44.009998,43.299999,43.779999,40.846027,719800
2015-06-11,44.18,44.439999,43.98,44.130001,41.172585,626100
2015-06-12,43.279999,43.57,43.080002,43.439999,40.528816,685300
2015-06-15,43.09,43.400002,43.02,43.360001,40.454178,533200
2015-06-16,43.34,43.709999,43.25,43.619999,40.696758,553200
2015-06-17,43.389999,43.75,43.220001,43.689999,40.762062,824000
2015-06-18,43.810001,44.290001,43.700001,44.040001,41.088608,1213400
2015-06-19,44.029999,44.189999,43.93,43.950001,41.004639,608800
2015-06-22,44.82,45.130001,44.720001,44.900002,41.89098,1058200
2015-06-23,45.25,45.25,44.73,44.82,41.816338,1024200
2015-06-24,44.900002,45.040001,44.66,44.779999,41.779015,1160500
2015-06-25,44.66,44.75,44.400002,44.509998,41.527115,699100
2015-06-26,44.73,44.880001,44.43,44.490002,41.50845,887900
2015-06-29,43.639999,43.869999,43.099998,43.119999,40.230267,1008200
2015-06-30,43.43,43.43,42.709999,42.959999,40.080986,1104800
2015-07-01,43.52,43.610001,43.169998,43.349998,40.444847,767400
2015-07-02,43.150002,43.27,42.849998,42.950001,40.071655,799500
2015-07-06,42.25,42.73,42.200001,42.439999,39.595837,1138100
2015-07-07,42.130001,42.830002,41.849998,42.709999,39.847744,1276700
2015-07-08,42.57,42.73,42.380001,42.549999,39.698463,830500
2015-07-09,43.330002,43.389999,43.0,43.009998,40.127632,766500
2015-07-10,44.689999,44.84,44.48,44.650002,41.65773,1262100
2015-07-13,44.689999,44.799999,44.470001,44.599998,41.61108,738800
2015-07-14,45.310001,45.330002,45.02,45.18,42.15221,802900
2015-07-15,45.09,45.189999,44.93,45.040001,42.021591,887800
2015-07-16,45.540001,45.639999,45.290001,45.450001,42.404114,990600
2015-07-17,45.029999,45.18,44.880001,44.970001,41.956284,979200
2015-07-20,45.09,45.18,44.880001,45.09,42.068245,969600
2015-07-21,44.919998,44.970001,44.540001,44.59,41.601749,808200
2015-07-22,44.599998,44.830002,44.580002,44.790001,41.788345,688100
2015-07-23,45.369999,45.369999,44.84,44.970001,41.956284,863100
2015-07-24,45.200001,45.220001,44.689999,44.720001,41.723038,641300
2015-07-27,44.790001,44.799999,44.290001,44.349998,41.377831,757200
2015-07-28,44.48,44.77,44.32,44.77,41.769688,755400
2015-07-29,44.849998,45.080002,44.810001,44.98,41.965614,1114600
2015-07-30,45.02,45.25,44.759998,45.200001,42.170876,709400
2015-07-31,45.34,45.52,45.240002,45.330002,42.29216,644900
2015-08-03,45.919998,45.98,45.580002,45.779999,42.712002,735500
2015-08-04,45.860001,45.93,45.650002,45.790001,42.721329,785900
2015-08-05,45.73,45.939999,45.689999,45.830002,43.067154,586000
2015-08-06,46.049999,46.189999,45.91,45.939999,43.170513,780800
2015-08-07,45.580002,45.849998,45.48,45.82,43.057751,660600
2015-08-10,45.75,46.139999,45.75,46.07,43.292675,807000
2015-08-11,45.509998,45.599998,45.349998,45.450001,42.710052,1169800
2015-08-12,43.380001,43.950001,43.290001,43.900002,41.253498,1575900
2015-08-13,43.919998,44.189999,43.799999,44.080002,41.422646,739200
2015-08-14,43.919998,44.09,43.77,44.049999,41.394451,829500
2015-08-17,43.43,43.880001,43.360001,43.880001,41.234695,610800
2015-08-18,43.48,43.740002,43.43,43.549999,40.924599,645500
2015-08-19,42.98,43.099998,42.669998,42.849998,40.266792,791800
2015-08-20,42.150002,42.23,41.93,41.959999,39.43045,987100
2015-08-21,41.720001,41.82,40.900002,40.900002,38.434345,1356800
2015-08-24,39.419998,40.560001,38.740002,39.75,37.353676,2983900
2015-08-25,40.900002,40.900002,39.59,39.610001,37.222115,1895200
2015-08-26,40.139999,40.150002,39.299999,40.099998,37.682579,1874800
2015-08-27,40.130001,40.639999,40.110001,40.610001,38.161835,1703200
2015-08-28,40.009998,40.360001,39.900002,40.349998,37.917507,1247800
2015-08-31,40.279999,40.380001,40.07,40.310001,37.879917,701900
2015-09-01,39.380001,39.540001,38.950001,39.09,36.733467,1297400
2015-09-02,39.740002,39.830002,39.450001,39.82,37.419456,968300
2015-09-03,40.080002,40.310001,39.880001,39.990002,37.579216,796400
2015-09-04,39.25,39.400002,39.049999,39.200001,36.83683,953700
2015-09-08,40.150002,40.259998,39.889999,40.169998,37.748352,713400
2015-09-09,40.950001,40.950001,40.009998,40.060001,37.644993,1361800
2015-09-10,39.75,39.860001,39.580002,39.73,37.334885,2887500
2015-09-11,39.470001,39.650002,39.380001,39.599998,37.212723,1744100
2015-09-14,39.34,39.52,39.23,39.349998,36.977791,1395600
2015-09-15,39.41,39.799999,39.310001,39.740002,37.344288,1550600
2015-09-16,40.919998,41.139999,40.75,41.099998,38.622288,1002300
2015-09-17,41.040001,41.419998,40.82,41.029999,38.556515,1336900
2015-09-18,40.689999,40.93,40.490002,40.529999,38.086651,897200
2015-09-21,40.900002,40.919998,40.509998,40.669998,38.218216,586600
2015-09-22,39.66,39.68,39.18,39.549999,37.16573,1352300
2015-09-23,39.57,39.599998,39.240002,39.450001,37.071766,637700
2015-09-24,38.950001,39.23,38.599998,39.080002,36.724068,1241700
2015-09-25,40.07,40.41,39.869999,40.02,37.607399,1052400
2015-09-28,39.860001,39.860001,39.27,39.349998,36.977791,905000
2015-09-29,39.290001,39.82,39.130001,39.77,37.372467,1002400
2015-09-30,40.77,40.810001,40.450001,40.779999,38.321583,1957500
2015-10-01,41.07,41.110001,40.529999,40.84,38.377972,1257000
2015-10-02,40.740002,41.619999,40.630001,41.619999,39.110943,1145000
2015-10-05,42.189999,42.419998,42.150002,42.41,39.853317,875400
2015-10-06,42.389999,42.619999,42.34,42.380001,39.825127,768200
2015-10-07,42.169998,42.470001,42.040001,42.450001,39.890915,1068100
2015-10-08,42.130001,42.91,41.990002,42.900002,40.313782,798200
2015-10-09,42.529999,42.880001,42.470001,42.669998,40.097645,877100
2015-10-12,43.060001,43.450001,43.029999,43.200001,40.595692,821600
2015-10-13,42.849998,43.32,42.849998,43.060001,40.464134,913700
2015-10-14,43.07,43.279999,43.060001,43.110001,40.511124,760000
2015-10-15,44.740002,45.0,44.57,44.959999,42.249596,1329300
2015-10-16,44.91,45.240002,44.860001,45.209999,42.484524,819400
2015-10-19,45.310001,45.400002,45.080002,45.290001,42.559696,690100
2015-10-20,45.380001,45.389999,45.139999,45.25,42.52211,652600
2015-10-21,45.439999,45.509998,45.200001,45.209999,42.484524,983400
2015-10-22,45.549999,45.91,45.509998,45.720001,42.963776,1320300
2015-10-23,45.790001,45.869999,45.299999,45.439999,42.700653,866800
2015-10-26,45.419998,45.549999,45.25,45.299999,42.569099,633700
2015-10-27,45.080002,45.200001,44.919998,44.990002,42.277782,916800
2015-10-28,45.119999,45.23,44.5,44.830002,42.452026,1382800
2015-10-29,44.889999,45.049999,44.82,44.990002,42.603539,735300
2015-10-30,44.540001,44.830002,44.450001,44.450001,42.092186,799300
2015-11-02,44.610001,44.740002,44.369999,44.599998,42.234222,1072100
2015-11-03,44.200001,44.599998,44.110001,44.57,42.205814,944200
2015-11-04,44.459999,44.509998,44.23,44.349998,41.997486,736400
2015-11-05,44.189999,44.290001,43.970001,44.150002,41.808098,1071500
2015-11-06,43.459999,43.619999,43.009998,43.380001,41.078938,1017800
2015-11-09,42.73,42.959999,42.599998,42.880001,40.605465,1066700
2015-11-10,42.349998,42.889999,42.330002,42.84,40.567581,1269000
2015-11-11,43.200001,43.540001,43.150002,43.369999,41.069469,1639600
2015-11-12,42.889999,43.02,42.599998,42.599998,40.340313,1369700
2015-11-13,42.029999,42.150002,41.860001,42.0,39.772133,1193400
2015-11-16,42.029999,42.5,42.009998,42.5,40.245617,1238100
2015-11-17,42.91,43.080002,42.720001,42.810001,40.539173,2441100
2015-11-18,42.580002,43.220001,42.560001,43.189999,40.899021,2572400
2015-11-19,43.279999,43.549999,43.259998,43.459999,41.154694,1699400
2015-11-20,43.419998,43.740002,43.419998,43.529999,41.220985,2667300
2015-11-23,43.509998,43.639999,43.169998,43.25,40.955833,1230200
2015-11-24,42.580002,43.16,42.57,43.080002,40.794857,1684200
2015-11-25,43.709999,43.77,43.599998,43.689999,41.372486,1802100
2015-11-27,43.740002,43.849998,43.5,43.57,41.258858,824500
2015-11-30,43.459999,43.509998,42.810001,42.849998,40.577053,1244900
2015-12-01,42.84,42.98,42.669998,42.98,40.700157,1181200
2015-12-02,43.189999,43.43,43.02,43.049999,40.766445,1389500
2015-12-03,42.830002,42.84,41.970001,42.110001,39.876308,1842300
2015-12-04,41.990002,42.869999,41.959999,42.830002,40.558109,1471000
2015-12-07,43.18,43.380001,43.040001,43.310001,41.012657,1079900
2015-12-08,42.709999,42.939999,42.57,42.799999,40.529705,1454800
2015-12-09,43.040001,43.369999,42.580002,42.860001,40.586521,1841900
2015-12-10,42.810001,42.880001,42.490002,42.57,40.311901,1623300
2015-12-11,42.139999,42.290001,41.790001,41.849998,39.630096,1698900
2015-12-14,41.900002,42.07,41.470001,41.919998,39.696381,2433800
2015-12-15,42.389999,42.689999,42.380001,42.450001,40.198269,1535000
2015-12-16,42.950001,43.400002,42.740002,43.299999,41.003178,1257700
2015-12-17,42.959999,43.139999,42.810001,42.82,40.548641,1257300
2015-12-18,42.5,42.560001,42.150002,42.150002,39.914188,1676400
2015-12-21,42.77,42.779999,41.900002,42.220001,39.980473,1124600
2015-12-22,42.290001,42.549999,41.98,42.5,40.245617,1434600
2015-12-23,42.919998,43.380001,42.900002,43.380001,41.078938,1260100
2015-12-24,43.349998,43.540001,43.290001,43.380001,41.078938,465200
2015-12-28,43.330002,43.490002,43.240002,43.43,41.126286,648700
2015-12-29,43.799999,44.040001,43.689999,43.959999,41.628174,1278700
2015-12-30,44.009998,44.049999,43.75,43.75,41.429317,866800
2015-12-31,43.59,43.599998,43.119999,43.119999,40.832726,701300
