2014-01-02,55.384998,55.5075,54.875,55.252499,52.163647,10654000
2014-01-03,55.4375,55.622501,55.057499,55.290001,52.199055,7809600
2014-01-06,55.294998,55.577499,54.897499,54.9575,51.885147,8577600
2014-01-07,55.1875,55.5275,55.115002,55.377499,52.281658,8178000
2014-01-08,55.355,55.75,55.16,55.555,52.449242,8487200
2014-01-09,55.887501,56.130001,55.415001,55.477501,52.376072,8386400
2014-01-10,55.459999,55.685001,55.002499,55.282501,52.191975,6429600
2014-01-13,55.505001,56.047501,54.6525,54.724998,51.66563,13554400
2014-01-14,54.685001,55.662498,54.5825,55.662498,52.550728,10851600
2014-01-15,55.712502,56.224998,55.4575,55.939999,52.81271,11288000
2014-01-16,55.797501,55.939999,55.322498,55.442501,52.343025,13514000
2014-01-17,55.512501,58.064999,55.509998,58.044998,54.800034,38344400
2014-01-21,58.5975,58.875,57.705002,57.982498,54.741028,19752400
2014-01-22,58.099998,58.455002,57.919998,58.247501,54.991222,7254400
2014-01-23,57.915001,58.0825,56.915001,57.0625,53.872467,13662400
2014-01-24,56.599998,56.740002,55.3125,55.3125,52.220299,16043200
2014-01-27,55.517502,55.517502,53.779999,54.055,51.033092,19470800
2014-01-28,54.404999,55.59,54.349998,55.240002,52.151855,17852400
2014-01-29,54.775002,55.185001,54.125,54.279999,51.245514,16800000
2014-01-30,56.4375,56.5,54.077499,55.220001,52.132973,20040400
2014-01-31,54.032501,54.724998,53.7775,53.857498,50.846642,24457200
2014-02-03,54.127499,54.459999,53.017502,53.3675,50.384026,21662400
2014-02-04,53.540001,53.970001,52.845001,53.634998,50.636574,14913600
2014-02-05,53.310001,54.185001,53.279999,53.9025,50.889118,13520800
2014-02-06,54.02,54.752499,53.945,54.752499,51.691605,12721600
2014-02-07,55.047501,55.5,54.615002,55.445,52.345379,12537200
2014-02-10,55.4725,55.532501,54.997501,55.137501,52.05508,10316800
2014-02-11,55.282501,55.7225,55.012501,55.5825,52.475197,9809600
2014-02-12,55.860001,56.224998,55.7225,56.0425,53.293007,14650800
2014-02-13,55.712502,56.1875,55.615002,56.012501,53.264477,13158800
2014-02-14,56.067501,56.560001,55.877499,56.5,53.728069,12682000
2014-02-18,56.619999,57.119999,56.404999,56.514999,53.742336,13427200
2014-02-19,56.467499,56.947498,55.919998,55.970001,53.22406,9322000
2014-02-20,56.040001,56.2425,55.647499,55.865002,53.124214,8810000
2014-02-21,55.932499,56.1675,55.744999,55.84,53.100445,9136000
2014-02-24,55.932499,56.857498,55.8675,56.547501,53.773228,10817200
2014-02-25,56.547501,57.107498,56.372501,56.7775,53.991947,11339600
2014-02-26,56.807499,56.974998,56.314999,56.5275,53.754215,10413600
2014-02-27,56.547501,56.950001,56.400002,56.57,53.794628,8097600
2014-02-28,56.6175,56.997501,55.174999,56.485001,53.713802,14004000
2014-03-03,55.810001,56.009998,54.897499,55.360001,52.64399,16422800
2014-03-04,56.287498,56.4925,55.645,56.375,53.609196,14884800
2014-03-05,56.404999,56.450001,55.575001,55.702499,52.969696,11328400
2014-03-06,55.939999,56.517502,55.830002,55.965,53.219303,9120400
2014-03-07,56.237499,56.432499,55.884998,56.389999,53.623459,8971200
2014-03-10,56.377499,56.592499,56.18,56.375,53.609196,7350400
2014-03-11,56.487499,57.0975,56.157501,56.794998,54.008591,11062800
2014-03-12,56.529999,56.919998,56.322498,56.525002,53.751842,9394800
2014-03-13,56.665001,56.872501,55.107498,55.195,52.487083,11996400
2014-03-14,55.154999,55.48,54.639999,55.192501,52.484711,13692000
2014-03-17,55.497501,55.970001,55.345001,55.945,53.200283,8800000
2014-03-18,56.150002,56.692501,55.8125,56.602501,53.825535,8304800
2014-03-19,56.6525,56.772499,55.5,55.955002,53.209801,7888800
2014-03-20,56.029999,56.029999,55.227501,55.455002,52.734333,11890000
2014-03-21,55.7425,58.1675,54.924999,55.842499,53.102818,38092400
2014-03-24,56.3475,56.557499,54.775002,55.1875,52.479958,18228400
2014-03-25,55.547501,55.759998,54.599998,54.599998,51.92128,11675200
2014-03-26,54.987499,55.047501,53.919998,53.919998,51.274632,10657200
2014-03-27,53.7225,54.0425,53.262501,53.942501,51.296036,10489600
2014-03-28,53.619999,54.084999,52.630001,53.022499,50.421169,14950000
2014-03-31,53.197498,53.965,52.9175,53.965,51.317432,11639200
2014-04-01,54.27,54.540001,53.637501,53.674999,51.041656,9090400
2014-04-02,53.695,54.125,53.342499,53.665001,51.032146,9344800
2014-04-03,53.947498,54.07,53.345001,53.752499,51.115353,14210400
2014-04-04,53.892502,53.927502,51.4375,51.924999,49.377499,24449200
2014-04-07,51.695,51.860001,50.255001,50.852501,48.357632,40124000
2014-04-08,50.705002,51.48,50.5,50.647499,48.162689,21745600
2014-04-09,51.145,51.945,50.654999,51.884998,49.339474,19142800
2014-04-10,52.064999,52.267502,50.037498,50.387501,47.915447,20403600
2014-04-11,49.807499,50.0,48.709999,49.157501,46.745792,29939600
2014-04-14,49.950001,50.487499,49.502499,50.252499,47.787064,20925600
2014-04-15,50.959999,51.235001,49.7925,51.012501,48.509785,19214000
2014-04-16,51.75,52.389999,51.369999,52.34,49.77216,15832800
2014-04-17,52.584999,52.884998,51.987499,51.987499,49.436943,13364000
2014-04-21,52.244999,52.375,52.0975,52.282501,49.717487,10012400
2014-04-22,52.334999,52.645,52.1325,52.4925,49.917175,9840000
2014-04-23,52.575001,52.575001,52.0,52.205002,49.64378,8819600
2014-04-24,52.450001,52.625,51.897499,52.349998,49.781666,13547200
2014-04-25,50.0,50.950001,49.639999,49.732498,47.29258,38239200
2014-04-28,49.875,50.482498,49.752499,50.355,47.884537,24263200
2014-04-29,50.4725,51.012501,50.447498,50.6675,48.181709,12760000
2014-04-30,50.564999,50.91,50.474998,50.6525,48.167446,12145600
2014-05-01,51.025002,51.827499,50.84,51.522499,48.994766,14273200
2014-05-02,51.435001,51.775002,51.0,51.105,48.597748,10908800
2014-05-05,50.9375,51.970001,50.75,51.782501,49.242004,13792800
2014-05-06,51.674999,51.755001,51.299999,51.34,48.821209,10873200
2014-05-07,51.752499,52.25,51.110001,52.174999,49.61525,14732000
2014-05-08,52.232498,53.025002,52.1525,52.724998,50.138268,14613600
2014-05-09,52.544998,52.717499,52.037498,52.702499,50.116867,11795600
2014-05-12,52.77,53.119999,52.7575,52.924999,50.328457,8732800
2014-05-13,52.997501,53.172501,52.849998,53.014999,50.414043,7137600
2014-05-14,52.799999,52.970001,52.465,52.465,50.270313,6838000
2014-05-15,52.25,52.422501,51.605,51.862499,49.69302,12685200
2014-05-16,51.897499,52.522499,51.897499,52.452499,50.258339,12279600
2014-05-19,52.345001,52.744999,52.212502,52.59,50.390079,7039600
2014-05-20,52.580002,52.580002,51.849998,51.98,49.805599,8740000
2014-05-21,52.212502,52.6675,52.147499,52.525002,50.327797,9096400
2014-05-22,52.532501,52.57,52.174999,52.342499,50.152939,16870000
2014-05-23,52.497501,53.067501,52.427502,53.017502,50.799706,11117600
2014-05-27,53.247501,53.630001,53.205002,53.625,51.381786,9676800
2014-05-28,53.625,53.625,53.252499,53.450001,51.214108,7223200
2014-05-29,53.5,53.672501,53.375,53.6675,51.422512,5260400
2014-05-30,53.970001,53.987499,53.3325,53.7075,51.460842,6136400
2014-06-02,53.842499,53.922501,53.209999,53.380001,51.147034,6364000
2014-06-03,53.2575,53.307499,52.700001,52.830002,50.620049,9011600
2014-06-04,52.790001,52.857498,52.362499,52.857498,50.6464,12589600
2014-06-05,53.029999,53.125,52.654999,53.055,50.835629,6597600
2014-06-06,53.1325,53.349998,52.9025,53.25,51.022484,10002400
2014-06-09,53.372501,53.497501,52.907501,53.145,50.921875,5516400
2014-06-10,53.25,53.695,53.1875,53.5625,51.321899,6835600
2014-06-11,53.247501,53.477501,53.029999,53.169998,50.945824,6758000
2014-06-12,53.0975,53.2925,52.807499,52.942501,50.727848,6218000
2014-06-13,52.967499,53.017502,52.712502,52.822498,50.612865,7085200
2014-06-16,52.720001,52.747501,52.4925,52.560001,50.361351,7899200
2014-06-17,52.535,52.98,52.474998,52.702499,50.497883,5722400
2014-06-18,52.612499,52.8125,52.2575,52.8125,50.603283,10326000
2014-06-19,52.8675,53.040001,52.005001,52.580002,50.380508,15331200
2014-06-20,52.880001,53.029999,52.275002,52.372501,50.18169,18358800
2014-06-23,52.25,52.452499,52.044998,52.3675,50.176895,14765200
2014-06-24,52.317501,52.647499,51.845001,51.947498,49.77446,13089600
2014-06-25,51.827499,52.622501,51.827499,52.264999,50.078682,8244800
2014-06-26,52.4575,52.465,51.889999,52.240002,50.054733,8580400
2014-06-27,52.025002,52.474998,51.965,52.32,50.131378,12961200
2014-06-30,52.165001,52.935001,52.125,52.677502,50.473927,9961600
2014-07-01,52.987499,53.837502,52.9575,53.5625,51.321899,10993600
2014-07-02,53.720001,53.872501,53.5625,53.709999,51.46323,5768800
2014-07-03,53.827499,54.25,53.775002,54.127499,51.86327,5571600
2014-07-07,54.107498,54.387501,53.91,54.185001,51.918358,6612400
2014-07-08,54.192501,54.2225,53.287498,53.814999,51.563839,12149200
2014-07-09,53.875,54.07,53.627499,54.040001,51.77943,5177200
2014-07-10,53.450001,54.2225,53.169998,53.884998,51.630917,8536800
2014-07-11,53.987499,54.259998,53.592499,54.25,51.98064,5696800
2014-07-14,54.6875,55.59,54.412498,55.2575,52.946003,13716400
2014-07-15,55.4175,56.1875,55.224998,55.445,53.12566,10900800
2014-07-16,55.735001,55.790001,55.27,55.6675,53.338856,8853200
2014-07-17,55.485001,55.5,54.4575,54.470001,52.191441,9806000
2014-07-18,54.794998,55.4725,54.73,55.049999,52.747181,11068000
2014-07-21,54.8825,55.032501,54.627499,54.805,52.512436,6168400
2014-07-22,55.23,55.647499,55.1525,55.314999,53.001099,7699200
2014-07-23,55.372501,55.634998,55.169998,55.299999,52.986729,8189200
2014-07-24,55.8475,55.962502,55.4575,55.685001,53.355621,11947600
2014-07-25,53.525002,54.174999,52.834999,53.692501,51.446468,27530400
2014-07-28,53.605,53.740002,53.279999,53.555,51.314716,10401600
2014-07-29,53.599998,53.927502,53.3325,53.375,51.142254,10577200
2014-07-30,53.372501,53.697498,53.362499,53.514999,51.276382,10422800
2014-07-31,53.317501,53.34,52.752499,52.752499,50.545788,13874000
2014-08-01,52.467499,53.264999,52.445,52.952499,50.737419,14100000
2014-08-04,53.212502,53.2925,52.880001,53.040001,50.821262,8079600
2014-08-05,52.875,53.0975,52.2925,52.634998,50.433208,11151200
2014-08-06,52.494999,52.845001,52.452499,52.672501,50.469135,7528400
2014-08-07,52.794998,52.862499,52.150002,52.259998,50.073891,9568000
2014-08-08,52.220001,52.637501,52.052502,52.615002,50.414047,9256800
2014-08-11,52.759998,52.805,52.5075,52.645,50.442787,9018400
2014-08-12,52.522499,52.799999,52.362499,52.575001,50.375713,6442000
2014-08-13,52.737499,53.025002,52.615002,52.857498,51.034672,6451200
2014-08-14,53.022499,53.147499,52.827499,53.130001,51.297787,7136800
2014-08-15,53.2225,53.330002,52.482498,52.547501,50.735363,8999600
2014-08-18,52.872501,53.607498,52.817501,53.580002,51.732258,8352400
2014-08-19,53.6875,53.922501,53.532501,53.75,51.896397,8212400
2014-08-20,53.645,54.110001,53.607498,54.049999,52.186054,7296800
2014-08-21,54.125,54.2425,53.927502,53.9375,52.077427,5544000
2014-08-22,54.049999,54.237499,53.825001,54.022499,52.1595,7145600
2014-08-25,54.299999,54.330002,53.962502,54.005001,52.142605,4962400
2014-08-26,54.122501,54.5,54.044998,54.182499,52.313988,6944000
2014-08-27,54.279999,54.3825,53.822498,54.282501,52.410538,8035600
2014-08-28,53.75,53.935001,53.442501,53.650002,51.79985,11083600
2014-08-29,53.639999,53.75,53.025002,53.130001,51.297787,14646000
2014-09-02,53.352501,53.7425,53.177502,53.682499,51.83123,8066400
2014-09-03,53.767502,54.040001,53.577499,53.724998,51.872257,7788400
2014-09-04,53.860001,54.029999,53.5,53.564999,51.71777,9492400
2014-09-05,53.59,53.592499,53.275002,53.552502,51.705708,8202800
2014-09-08,53.502499,54.055,53.375,53.942501,52.08226,10266400
2014-09-09,53.822498,53.8675,53.5,53.57,51.72261,7328800
2014-09-10,53.517502,54.662498,53.509998,54.220001,52.350197,12646800
2014-09-11,54.174999,54.1875,53.612499,53.737499,51.884327,8861200
2014-09-12,53.720001,53.9375,53.1875,53.509998,51.664677,8710800
2014-09-15,53.462502,53.9025,53.462502,53.66,51.809505,7036800
2014-09-16,53.727501,54.445,53.412498,54.325001,52.451576,9211600
2014-09-17,54.25,54.372501,53.424999,53.8825,52.024323,12321200
2014-09-18,53.982498,54.169998,53.787498,54.110001,52.243992,9215200
2014-09-19,54.422501,54.537498,53.872501,54.0625,52.198124,20475200
2014-09-22,54.244999,54.244999,53.4375,53.470001,51.626057,9074000
2014-09-23,53.474998,53.474998,53.115002,53.115002,51.283295,7959600
2014-09-24,53.195,53.75,53.0625,53.602501,51.753983,8336000
2014-09-25,53.509998,53.567501,52.605,52.677502,50.860889,11729600
2014-09-26,52.862499,53.055,52.639999,52.985001,51.157784,7178800
2014-09-29,52.552502,52.865002,52.279999,52.732498,50.913986,8788800
2014-09-30,52.7925,53.505001,52.755001,53.342499,51.502953,11456000
2014-10-01,53.212502,53.452499,52.4375,52.502499,50.691914,11686000
2014-10-02,52.25,52.5,51.950001,52.43,50.621914,11411600
2014-10-03,52.7575,53.075001,52.544998,52.997501,51.169853,9960800
2014-10-06,53.147499,53.287498,52.915001,52.947498,51.121574,8937200
2014-10-07,52.702499,52.772499,51.962502,52.012501,50.218815,8949600
2014-10-08,52.0075,53.134998,51.924999,53.09,51.259159,14038800
2014-10-09,53.052502,53.052502,51.895,51.927502,50.136749,10996800
2014-10-10,51.9725,52.392502,51.244999,51.244999,49.477783,11744400
2014-10-13,51.125,51.9375,50.93,51.07,49.308823,12188800
2014-10-14,51.102501,51.474998,50.610001,50.68,48.932274,14018000
2014-10-15,50.215,50.4925,49.237499,50.0625,48.33606,19668000
2014-10-16,49.272499,50.802502,48.797501,50.75,48.999855,15625600
2014-10-17,51.209999,51.642502,50.892502,51.5,49.723999,12731600
2014-10-20,51.3825,52.049999,51.285,51.962502,50.170544,7628000
2014-10-21,52.445,53.345001,51.974998,53.327499,51.488472,12986000
2014-10-22,53.322498,53.487499,52.692501,52.73,50.911575,11042000
2014-10-23,53.467499,53.974998,53.169998,53.57,51.72261,9729600
2014-10-24,53.407501,53.537498,52.965,53.369999,51.529503,10896000
2014-10-27,53.264999,53.682499,53.052502,53.352501,51.5126,6658800
2014-10-28,53.6525,54.215,53.514999,54.177502,52.309162,10497600
2014-10-29,54.077499,54.599998,53.4375,53.665001,51.814339,16095200
2014-10-30,57.1325,59.82,57.005001,59.162498,57.122246,50857600
2014-10-31,59.322498,60.625,59.322498,60.357498,58.276031,24956000
2014-11-03,60.244999,60.799999,59.75,60.384998,58.302586,12716000
2014-11-04,59.912498,60.752499,59.775002,60.7425,58.647762,16644400
2014-11-05,61.040001,63.084999,61.0,62.3825,60.231197,21939600
2014-11-06,62.377499,62.724998,61.884998,62.522499,60.366375,13212000
2014-11-07,62.529999,63.107498,62.259998,63.107498,60.931198,9507600
2014-11-10,62.994999,63.099998,62.1325,62.552502,60.39534,13145200
2014-11-11,62.294998,62.470001,62.040001,62.432499,60.279476,8467600
2014-11-12,62.212502,63.040001,62.084999,62.987499,61.286526,10897200
2014-11-13,63.099998,63.099998,62.397499,62.73,61.035976,12473200
2014-11-14,62.785,62.790001,62.182499,62.209999,60.530014,8532800
2014-11-17,62.145,62.857498,62.040001,62.450001,60.763542,9876800
2014-11-18,62.447498,62.932499,62.267502,62.432499,60.74651,7647200
2014-11-19,62.557499,62.7075,61.797501,62.465,60.778137,6642800
2014-11-20,61.8825,62.9725,61.877499,62.9175,61.218414,6704000
2014-11-21,63.785,64.139999,63.205002,63.555,61.838696,11886800
2014-11-24,63.75,63.8125,63.400002,63.654999,61.936001,10724800
2014-11-25,63.84,64.5,63.705002,64.315002,62.578182,12966400
2014-11-26,64.370003,64.737503,63.900002,64.315002,62.578182,7977200
2014-11-28,64.644997,64.875,64.474998,64.547501,62.804398,5186800
2014-12-01,64.067497,65.162498,64.067497,64.537498,62.794666,10925600
2014-12-02,64.792503,65.0625,64.557503,65.002502,63.247105,8535200
2014-12-03,64.910004,65.470001,64.672501,65.400002,63.633877,9382000
2014-12-04,65.519997,65.5625,65.012497,65.285004,63.521992,7362400
2014-12-05,65.410004,65.872498,65.25,65.837502,64.059555,7838000
2014-12-08,65.875,66.407501,65.629997,65.775002,63.998749,12342000
2014-12-09,64.875,66.182503,64.875,66.035004,64.251732,10454000
2014-12-10,65.945,66.209999,65.25,65.43,63.663071,8528000
2014-12-11,65.737503,66.394997,65.627502,65.779999,64.003616,13383600
2014-12-12,65.1325,66.112503,64.195,64.195,62.461414,15325600
2014-12-15,64.542503,64.712502,63.272499,64.175003,62.441956,12825200
2014-12-16,63.23,64.612503,63.087502,63.352501,61.64167,12050400
2014-12-17,63.529999,64.889999,63.424999,64.769997,63.020889,9714400
2014-12-18,65.459999,66.112503,65.285004,66.040001,64.256592,10318000
2014-12-19,65.839996,66.144997,65.345001,65.417503,63.650909,15563600
2014-12-22,65.605003,66.077499,65.5075,66.052498,64.268738,5680000
2014-12-23,66.252502,66.605003,66.014999,66.315002,64.52417,5537600
2014-12-24,66.372498,67.212502,66.345001,66.907501,65.100662,5236800
2014-12-26,66.907501,67.330002,66.654999,66.654999,64.854973,4768800
2014-12-29,66.620003,66.925003,66.262497,66.357498,64.565506,5262400
2014-12-30,66.275002,66.345001,65.769997,66.137497,64.351456,4781600
2014-12-31,66.370003,66.8125,65.544998,65.550003,63.779831,5904800
2015-01-02,65.845001,66.6875,65.622498,66.254997,64.465775,8389600
2015-01-05,65.872498,65.875,64.717499,64.792503,63.042786,12751200
2015-01-06,64.947502,65.195,63.715,64.375,62.636559,11070000
2015-01-07,64.610001,65.285004,64.362503,65.237503,63.475777,9346800
2015-01-08,65.800003,66.279999,65.657501,66.112503,64.327141,10443200
2015-01-09,65.902496,66.1175,64.942497,65.1325,63.373596,10523600
2015-01-12,65.260002,65.5,64.785004,65.004997,63.249542,6425600
2015-01-13,65.504997,66.452499,64.777496,65.195,63.434406,10284000
2015-01-14,64.160004,64.650002,63.529999,63.889999,62.164654,12218000
2015-01-15,64.177498,64.3675,63.09,63.282501,61.573563,10569200
2015-01-16,62.974998,63.775002,62.875,63.737499,62.016273,11137200
2015-01-20,64.055,64.922501,63.564999,64.209999,62.476006,14933200
2015-01-21,64.040001,64.907501,63.625,64.32,62.583046,9784000
2015-01-22,63.862499,64.75,63.342499,64.400002,62.660885,11566000
2015-01-23,64.629997,65.162498,64.544998,64.572502,62.82872,6166800
2015-01-26,64.235001,64.322502,63.450001,64.1325,62.400612,8552400
2015-01-27,63.447498,63.447498,62.145,62.747501,61.053005,11027600
2015-01-28,63.1325,63.252499,61.575001,61.59,59.926762,11430800
2015-01-29,61.8825,62.200001,61.2925,62.0,60.325703,15668400
2015-01-30,65.099998,65.904999,63.727501,63.727501,62.006538,22151600
2015-02-02,64.077499,64.077499,62.424999,63.834999,62.111134,13665200
2015-02-03,64.177498,65.112503,63.685001,64.947502,63.193592,15075600
2015-02-04,64.897499,66.682503,64.775002,66.222504,64.434174,22170800
2015-02-05,66.8125,67.949997,66.474998,67.949997,66.115013,16565600
2015-02-06,67.9375,68.112503,66.510002,66.855003,65.049583,11242000
2015-02-09,66.852501,67.084999,66.32,66.364998,64.572815,7834400
2015-02-10,66.6875,66.967499,65.907501,66.137497,64.351456,9396800
2015-02-11,66.245003,66.574997,66.0625,66.497498,65.174751,8795600
2015-02-12,66.904999,67.727501,66.764999,67.727501,66.380272,11641600
2015-02-13,68.1875,68.1875,67.195,67.407501,66.066643,8476000
2015-02-17,67.870003,67.997498,67.467499,67.717499,66.370476,6810400
2015-02-18,67.717499,67.75,67.037498,67.279999,65.941673,6429200
2015-02-19,67.517502,67.517502,67.0,67.275002,65.936775,5654800
2015-02-20,67.260002,68.25,66.764999,68.25,66.892395,9034800
2015-02-23,68.239998,68.330002,67.5625,68.252502,66.894836,6654800
2015-02-24,68.452499,68.452499,67.792503,68.1175,66.762535,9045200
2015-02-25,67.815002,68.557503,67.815002,68.252502,66.894836,6842800
2015-02-26,68.300003,68.625,68.004997,68.4375,67.076172,13459600
2015-02-27,68.3675,68.547501,67.827499,67.827499,66.478302,7965200
2015-03-02,69.177498,69.572502,68.610001,69.572502,68.188591,11653600
2015-03-03,69.662498,69.662498,68.375,68.824997,67.455948,8807200
2015-03-04,68.787498,68.787498,68.0625,68.4375,67.076172,8021200
2015-03-05,68.75,68.785004,68.4375,68.532501,67.169273,6756000
2015-03-06,68.349998,68.620003,67.3125,67.334999,65.995598,11590800
2015-03-09,67.629997,68.052498,67.269997,67.855003,66.505241,8902000
2015-03-10,67.410004,67.464996,66.300003,66.300003,64.981186,11125600
2015-03-11,66.407501,66.845001,65.762497,66.1875,64.870918,12105200
2015-03-12,66.599998,67.5,66.574997,67.394997,66.054382,9530800
2015-03-13,67.209999,67.209999,66.125,66.2575,64.939522,12578800
2015-03-16,66.722504,67.512497,66.657501,67.254997,65.917183,9849600
2015-03-17,67.014999,67.089996,66.035004,66.125,64.809662,14290800
2015-03-18,66.022499,66.995003,64.752502,66.917503,65.586395,50658000
2015-03-19,66.830002,67.190002,65.75,66.809998,65.481033,15407500
2015-03-20,67.25,67.699997,66.779999,67.410004,66.069107,15372000
2015-03-23,68.029999,68.209999,67.07,67.080002,65.745659,8128000
2015-03-24,67.099998,67.690002,66.839996,67.099998,65.765251,6534800
2015-03-25,67.099998,67.43,65.730003,65.730003,64.422516,13054300
2015-03-26,65.25,66.300003,65.019997,65.589996,64.285294,9487200
2015-03-27,65.519997,65.809998,65.150002,65.540001,64.236298,6521100
2015-03-30,66.019997,66.32,65.5,65.660004,64.353912,11237100
2015-03-31,65.470001,66.209999,65.389999,65.410004,64.108887,7400500
2015-04-01,65.449997,65.519997,64.449997,65.18,63.88345,7633000
2015-04-02,64.989998,65.620003,64.809998,65.290001,63.991276,5083000
2015-04-06,64.730003,65.639999,64.410004,65.199997,63.903061,8351200
2015-04-07,65.379997,66.190002,65.309998,65.800003,64.491119,6660800
2015-04-08,65.889999,66.839996,65.800003,66.5,65.177185,6604200
2015-04-09,66.57,66.82,65.760002,66.440002,65.118401,5408500
2015-04-10,66.690002,66.690002,65.93,66.339996,65.02037,4628500
2015-04-13,66.220001,66.800003,65.510002,65.610001,64.304901,5059800
2015-04-14,65.519997,65.940002,64.879997,65.529999,64.226501,5621800
2015-04-15,65.599998,65.910004,65.300003,65.68,64.373505,5347100
2015-04-16,65.529999,66.010002,65.349998,65.650002,64.344109,4121300
2015-04-17,65.099998,65.5,64.349998,64.519997,63.23658,11212900
2015-04-20,65.0,65.209999,64.580002,64.720001,63.43261,5948900
2015-04-21,65.029999,65.830002,64.989998,65.349998,64.050064,9619700
2015-04-22,65.82,69.980003,65.790001,68.010002,66.657166,20912400
2015-04-23,68.199997,68.220001,67.519997,67.720001,66.372932,7193400
2015-04-24,68.129997,68.18,67.309998,67.480003,66.137711,6219900
2015-04-27,68.389999,68.610001,66.93,67.099998,65.765251,7122400
2015-04-28,67.309998,67.5,66.410004,66.769997,65.441818,6297500
2015-04-29,66.860001,68.459999,66.779999,67.339996,66.000496,9812400
2015-04-30,67.18,67.5,65.419998,66.050003,64.736145,11780600
2015-05-01,65.220001,66.660004,65.150002,65.769997,64.461708,10142800
2015-05-04,66.050003,66.139999,65.470001,65.580002,64.27552,7426400
2015-05-05,65.769997,66.389999,65.599998,65.959999,64.647934,8099800
2015-05-06,66.150002,66.650002,65.230003,65.669998,64.363724,7084600
2015-05-07,65.580002,66.779999,65.540001,66.580002,65.255608,6660300
2015-05-08,67.139999,70.160004,67.010002,69.470001,68.08812,18359000
2015-05-11,69.300003,69.699997,68.790001,69.019997,67.647072,10998500
2015-05-12,68.550003,69.0,67.970001,68.690002,67.323639,7438200
2015-05-13,68.75,68.879997,68.190002,68.650002,67.402176,5129800
2015-05-14,68.959999,70.029999,68.849998,70.0,68.727646,6491100
2015-05-15,70.099998,70.690002,69.309998,69.57,68.305466,7121000
2015-05-18,69.739998,70.239998,69.129997,70.0,68.727646,5553800
2015-05-19,70.139999,70.559998,70.0,70.160004,68.884743,4351000
2015-05-20,70.25,70.32,69.480003,69.779999,68.511642,4870100
2015-05-21,69.550003,69.870003,69.279999,69.370003,68.109085,6483800
2015-05-22,69.300003,69.849998,69.300003,69.620003,68.354538,4511700
2015-05-26,69.309998,69.5,68.309998,68.540001,67.294182,6228100
2015-05-27,68.849998,69.739998,68.5,69.489998,68.226913,7064800
2015-05-28,69.480003,69.779999,68.800003,69.559998,68.295631,3893900
2015-05-29,69.330002,69.599998,68.519997,68.68,67.431633,6678100
2015-06-01,69.129997,69.449997,68.43,69.110001,67.853813,6309400
2015-06-02,68.730003,69.459999,68.010002,69.040001,67.785088,4457400
2015-06-03,69.260002,69.5,68.889999,68.949997,67.696732,4902700
2015-06-04,68.629997,69.150002,68.029999,68.209999,66.970169,6460000
2015-06-05,68.290001,68.699997,68.0,68.370003,67.127281,4413100
2015-06-08,68.190002,68.290001,67.620003,67.68,66.449814,4864300
2015-06-09,67.669998,68.089996,67.529999,67.949997,66.714897,4439700
2015-06-10,68.220001,69.669998,68.110001,69.629997,68.36438,6807800
2015-06-11,69.699997,70.019997,69.419998,69.639999,68.374199,5238700
2015-06-12,69.43,69.739998,69.019997,69.330002,68.069824,4900700
2015-06-15,68.720001,68.989998,68.169998,68.57,67.323631,5995100
2015-06-16,68.449997,69.169998,68.290001,69.010002,67.75563,5937400
2015-06-17,69.110001,69.410004,68.510002,68.75,67.500366,7818300
2015-06-18,68.900002,69.839996,68.879997,69.5,68.236732,7596800
2015-06-19,69.269997,69.330002,68.480003,68.690002,67.441452,8728800
2015-06-22,69.32,69.440002,68.900002,69.089996,67.834183,5511700
2015-06-23,69.099998,69.589996,69.089996,69.419998,68.158188,3888700
2015-06-24,69.110001,69.400002,68.760002,68.860001,67.60836,4670600
2015-06-25,69.379997,69.379997,68.510002,68.620003,67.372726,4705100
2015-06-26,68.699997,69.209999,68.410004,68.75,67.500366,7025600
2015-06-29,67.989998,68.489998,66.690002,66.720001,65.507263,9706700
2015-06-30,67.339996,67.480003,66.760002,67.150002,65.929451,6811000
2015-07-01,67.940002,68.300003,67.529999,67.849998,66.616722,6260800
2015-07-02,68.150002,68.32,67.620003,68.239998,66.999641,5053000
2015-07-06,67.550003,68.120003,67.360001,68.120003,66.881813,5270600
2015-07-07,68.110001,68.199997,66.529999,67.769997,66.53817,6500700
2015-07-08,67.010002,67.32,66.650002,66.730003,65.51709,5973500
2015-07-09,67.650002,67.940002,67.019997,67.050003,65.831261,4818200
2015-07-10,67.980003,68.540001,67.910004,68.419998,67.176346,5110200
2015-07-13,69.050003,69.599998,68.830002,69.519997,68.256355,6832300
2015-07-14,69.970001,70.300003,69.470001,70.099998,68.825829,5635400
2015-07-15,70.129997,70.279999,69.690002,70.019997,68.747269,4506200
2015-07-16,70.43,70.589996,69.970001,70.57,69.287277,6512500
2015-07-17,70.400002,70.959999,70.279999,70.879997,69.591637,6287600
2015-07-20,71.290001,73.0,71.230003,72.699997,71.378563,10198500
2015-07-21,72.839996,72.879997,71.760002,72.019997,70.710915,10919600
2015-07-22,71.940002,72.150002,71.620003,71.970001,70.661842,6303200
2015-07-23,72.199997,72.25,71.199997,71.75,70.445824,10755700
2015-07-24,76.779999,76.919998,74.400002,74.800003,73.440392,21196100
2015-07-27,74.279999,74.709999,73.580002,73.860001,72.517479,10293800
2015-07-28,74.300003,75.18,73.849998,74.739998,73.381477,10054300
2015-07-29,74.949997,76.43,74.669998,76.010002,74.628403,13746900
2015-07-30,75.889999,76.760002,75.239998,76.379997,74.991676,6507000
2015-07-31,76.449997,76.510002,75.32,75.339996,73.970573,8526300
2015-08-03,75.589996,76.040001,75.010002,75.769997,74.392761,5810800
2015-08-04,75.529999,76.080002,75.029999,75.269997,73.901855,6957900
2015-08-05,76.050003,76.169998,74.919998,74.980003,73.617134,6976400
2015-08-06,75.300003,75.419998,73.550003,73.580002,72.242561,7767800
2015-08-07,73.68,74.309998,73.32,74.209999,72.861122,6484600
2015-08-10,74.889999,75.18,73.849998,74.379997,73.028023,6183500
2015-08-11,73.809998,74.269997,73.220001,73.360001,72.026566,6476000
2015-08-12,72.870003,73.830002,72.389999,73.540001,72.321594,7625100
2015-08-13,73.43,74.43,73.379997,73.93,72.705132,5992000
2015-08-14,73.849998,74.400002,73.449997,74.220001,72.990334,3861500
2015-08-17,74.0,74.440002,73.5,74.410004,73.1772,3473500
2015-08-18,74.260002,74.730003,74.010002,74.470001,73.236191,6325500
2015-08-19,74.199997,74.959999,73.669998,74.400002,73.167358,5818100
2015-08-20,73.559998,74.529999,72.809998,73.949997,72.7248,12082300
2015-08-21,72.5,73.620003,70.959999,71.190002,70.010521,15752200
2015-08-24,64.160004,69.360001,60.0,68.360001,67.227432,20950600
2015-08-25,71.690002,71.800003,66.599998,66.970001,65.860451,14485000
2015-08-26,69.370003,70.989998,67.900002,70.690002,69.518822,12220000
2015-08-27,71.940002,72.489998,70.800003,72.400002,71.200493,9122200
2015-08-28,72.099998,72.669998,71.599998,72.459999,71.259499,6411400
2015-08-31,71.910004,72.080002,70.82,71.300003,70.118706,8313300
2015-09-01,69.410004,70.389999,68.5,68.959999,67.817482,11491500
2015-09-02,69.940002,69.949997,68.699997,69.620003,68.466545,9218000
2015-09-03,70.449997,71.080002,69.989998,70.400002,69.233627,9035200
2015-09-04,69.290001,69.910004,68.639999,69.160004,68.014183,9469400
2015-09-08,70.75,71.010002,69.550003,70.529999,69.361465,7984900
2015-09-09,70.75,71.379997,69.43,69.599998,68.446877,9022200
2015-09-10,69.5,70.650002,69.459999,70.230003,69.066429,7244200
2015-09-11,69.860001,70.809998,69.459999,70.760002,69.587646,6452100
2015-09-14,70.720001,70.800003,69.610001,70.010002,68.850082,7059300
2015-09-15,70.480003,70.75,69.510002,70.510002,69.341797,6962600
2015-09-16,70.449997,71.110001,70.050003,70.989998,69.81385,8207600
2015-09-17,71.300003,72.32,70.5,70.959999,69.784348,7663300
2015-09-18,69.82,70.809998,69.709999,69.790001,68.633736,14508100
2015-09-21,70.620003,71.32,70.220001,70.779999,69.60733,12756500
2015-09-22,70.0,70.389999,69.309998,70.25,69.086105,11394000
2015-09-23,70.160004,71.150002,69.900002,70.949997,69.774513,10655800
2015-09-24,70.349998,70.629997,69.639999,70.239998,69.076279,8406700
2015-09-25,71.190002,71.459999,70.209999,70.690002,69.518822,7756600
2015-09-28,70.190002,70.279999,67.029999,67.199997,66.086639,15261200
2015-09-29,67.519997,68.699997,67.199997,68.529999,67.394608,11326700
2015-09-30,69.32,69.660004,68.260002,69.660004,68.50589,9309200
2015-10-01,70.089996,70.769997,68.980003,69.989998,68.830414,8679900
2015-10-02,68.800003,70.730003,68.360001,70.669998,69.499153,7460400
2015-10-05,71.059998,72.339996,70.919998,72.230003,71.03331,7286800
2015-10-06,72.220001,72.540001,71.830002,72.080002,70.885788,5782500
2015-10-07,72.68,73.230003,72.449997,73.220001,72.006905,6208900
2015-10-08,73.0,73.93,72.830002,73.900002,72.675644,5713100
2015-10-09,74.040001,74.089996,73.400002,73.980003,72.754311,5947800
2015-10-12,73.739998,75.43,73.669998,74.989998,73.747566,5586300
2015-10-13,74.459999,75.25,74.150002,75.0,73.757416,7439400
2015-10-14,74.839996,75.260002,73.720001,74.199997,72.970665,7568300
2015-10-15,74.959999,75.410004,74.580002,75.339996,74.091766,6856200
2015-10-16,75.330002,76.540001,74.790001,76.0,74.740837,9117400
2015-10-19,75.93,77.330002,75.93,76.989998,75.714439,9952600
2015-10-20,76.639999,76.889999,75.93,76.279999,75.016197,7957000
2015-10-21,76.940002,76.940002,75.309998,75.459999,74.209793,7277900
2015-10-22,75.889999,76.849998,75.639999,76.419998,75.153893,9093400
2015-10-23,77.459999,77.629997,74.949997,77.07,75.793121,11971300
2015-10-26,78.080002,78.309998,77.089996,78.18,76.88472,8019400
2015-10-27,78.029999,78.18,77.059998,77.519997,76.235657,9527400
2015-10-28,77.82,78.889999,77.440002,78.870003,77.563293,10850200
2015-10-29,78.589996,78.709999,77.93,78.510002,77.209259,7648600
2015-10-30,78.720001,78.809998,77.559998,77.580002,76.294678,11186500
2015-11-02,75.190002,76.209999,74.529999,75.220001,73.97377,29966000
2015-11-03,75.129997,78.580002,74.809998,77.900002,76.60936,18899900
2015-11-04,78.370003,78.830002,77.900002,78.349998,77.05191,8640800
2015-11-05,78.419998,79.709999,78.419998,79.260002,77.946838,9392600
2015-11-06,79.57,79.57,78.32,78.75,77.44529,8221600
2015-11-09,78.400002,78.400002,77.290001,78.040001,76.747047,10157300
2015-11-10,77.650002,79.529999,77.610001,79.480003,78.303673,8440300
2015-11-11,79.849998,80.25,79.169998,79.18,78.008102,8024400
2015-11-12,78.860001,79.150002,78.139999,78.309998,77.15097,8939800
2015-11-13,78.019997,78.970001,77.769997,78.110001,76.953941,9913200
2015-11-16,77.790001,78.910004,77.580002,78.900002,77.732254,7805000
2015-11-17,78.940002,79.279999,78.470001,78.830002,77.663292,6942600
2015-11-18,78.959999,80.5,78.739998,80.459999,79.269165,7212400
2015-11-19,80.599998,81.010002,79.849998,80.150002,78.963745,6082200
2015-11-20,80.589996,81.0,79.980003,80.190002,79.003166,6764300
2015-11-23,80.589996,80.779999,79.559998,80.110001,78.924332,5910600
2015-11-24,79.230003,80.199997,79.209999,79.790001,78.60907,6040800
2015-11-25,79.779999,80.089996,79.559998,79.559998,78.382477,4268700
2015-11-27,79.639999,80.150002,79.610001,79.839996,78.65834,3139500
2015-11-30,80.059998,80.129997,78.959999,79.010002,77.840614,8874600
2015-12-01,79.529999,79.93,78.769997,79.910004,78.72731,6702100
2015-12-02,79.830002,80.150002,78.970001,79.040001,77.870163,7310000
2015-12-03,79.360001,79.769997,78.080002,78.290001,77.131279,8689600
2015-12-04,78.580002,80.400002,78.449997,80.400002,79.21003,9944600
2015-12-07,80.129997,80.489998,79.07,79.550003,78.37262,15262400
2015-12-08,78.980003,79.669998,78.360001,79.07,77.899734,11344000
2015-12-09,78.830002,79.75,77.400002,77.879997,76.727333,15361500
2015-12-10,77.910004,79.110001,77.629997,78.120003,76.963806,8694700
2015-12-11,77.139999,77.139999,75.519997,76.110001,74.983536,15625800
2015-12-14,76.199997,77.330002,75.580002,76.870003,75.7323,10361000
2015-12-15,78.370003,79.449997,78.209999,78.620003,77.45639,11355300
2015-12-16,79.449997,79.980003,78.150002,79.860001,78.678032,10497500
2015-12-17,79.980003,80.279999,78.629997,78.690002,77.525352,7555300
2015-12-18,78.040001,78.190002,76.279999,76.32,75.19043,16271200
2015-12-21,76.900002,77.360001,76.400002,77.169998,76.027863,8442100
2015-12-22,77.43,77.489998,76.660004,77.379997,76.234726,5699100
2015-12-23,78.080002,78.660004,77.559998,78.559998,77.397278,6335900
2015-12-24,78.349998,78.709999,78.18,78.260002,77.101723,2188800
2015-12-28,78.040001,78.650002,77.82,78.529999,77.367722,3680900
2015-12-29,79.0,79.389999,78.900002,79.209999,78.037651,4627100
2015-12-30,79.07,79.190002,78.260002,78.349998,77.190392,4230400
2015-12-31,78.239998,78.800003,77.550003,77.550003,76.402229,6397400
