2014-01-02,46.98,47.060001,46.040001,46.130001,40.196941,2752000
2014-01-03,46.25,46.419998,45.799999,46.110001,40.179523,2419200
2014-01-06,46.139999,46.360001,45.919998,46.080002,40.153385,2223600
2014-01-07,46.119999,46.490002,46.060001,46.380001,40.414795,1789600
2014-01-08,46.330002,46.419998,45.939999,46.099998,40.170799,2552100
2014-01-09,46.200001,46.310001,46.0,46.279999,40.327663,1924800
2014-01-10,46.59,47.59,46.580002,47.200001,41.12933,2991500
2014-01-13,47.040001,47.169998,46.459999,46.669998,40.667488,2752000
2014-01-14,46.700001,46.82,46.380001,46.509998,40.528065,2192000
2014-01-15,46.509998,46.580002,46.27,46.450001,40.4758,1742900
2014-01-16,46.450001,46.669998,46.34,46.580002,40.589081,1593700
2014-01-17,46.68,46.790001,46.43,46.77,40.754627,2179900
2014-01-21,46.93,47.360001,46.93,47.34,41.251316,1847800
2014-01-22,47.349998,47.59,47.23,47.52,41.408173,2142400
2014-01-23,47.450001,47.650002,47.150002,47.630001,41.504025,3335200
2014-01-24,47.459999,47.689999,46.77,46.77,40.754627,3718700
2014-01-27,46.810001,47.389999,46.610001,47.18,41.111897,3434500
2014-01-28,47.25,47.52,47.060001,47.509998,41.399456,2319300
2014-01-29,47.330002,47.970001,47.27,47.59,41.469166,3303000
2014-01-30,47.68,48.419998,47.669998,48.240002,42.035572,2793400
2014-01-31,47.950001,48.98,47.82,48.810001,42.532265,4221400
2014-02-03,48.93,49.389999,48.209999,48.310001,42.096569,5001600
2014-02-04,48.57,48.610001,48.049999,48.5,42.262123,4266200
2014-02-05,48.34,48.369999,47.790001,47.950001,41.782871,3380500
2014-02-06,47.43,47.619999,47.23,47.599998,41.91494,3646000
2014-02-07,47.75,48.060001,47.610001,48.029999,42.293591,2486100
2014-02-10,47.93,48.279999,47.529999,48.25,42.487316,3114400
2014-02-11,48.189999,48.790001,48.150002,48.639999,42.830734,2198900
2014-02-12,48.540001,48.98,48.41,48.98,43.130138,2707200
2014-02-13,48.810001,49.740002,48.75,49.700001,43.764149,2801700
2014-02-14,49.560001,50.119999,49.41,50.110001,44.125175,2310500
2014-02-18,50.16,50.5,50.09,50.389999,44.371727,3077700
2014-02-19,50.25,50.759998,50.080002,50.150002,44.160397,2344900
2014-02-20,50.080002,50.759998,49.799999,50.34,44.327702,3151700
2014-02-21,50.369999,50.889999,50.360001,50.560001,44.521427,2979800
2014-02-24,50.599998,50.869999,50.049999,50.07,44.089947,2823000
2014-02-25,50.18,50.57,49.93,50.060001,44.081146,2398700
2014-02-26,50.290001,50.560001,50.02,50.27,44.266064,2034200
2014-02-27,50.220001,50.380001,49.610001,49.799999,43.852192,2966800
2014-02-28,49.91,50.43,49.889999,50.200001,44.204426,2665000
2014-03-03,49.970001,50.200001,49.639999,49.720001,43.78175,2023600
2014-03-04,50.099998,50.330002,49.880001,50.049999,44.072342,2507500
2014-03-05,50.110001,50.299999,49.619999,49.68,43.746532,2044800
2014-03-06,49.77,49.889999,49.189999,49.25,43.367889,2104200
2014-03-07,49.080002,49.380001,48.630001,49.330002,43.438328,2484000
2014-03-10,49.32,49.580002,48.970001,49.209999,43.332661,2497800
2014-03-11,49.310001,49.360001,48.560001,48.700001,42.883572,3522500
2014-03-12,48.630001,49.509998,48.57,49.5,43.58802,2037500
2014-03-13,49.549999,50.099998,49.41,49.91,43.949059,2395000
2014-03-14,49.900002,50.380001,49.759998,50.110001,44.125175,1993200
2014-03-17,50.209999,50.400002,49.830002,50.290001,44.283676,2324000
2014-03-18,50.41,50.490002,50.060001,50.16,44.169201,2129600
2014-03-19,50.169998,50.259998,48.880001,48.939999,43.094906,4187000
2014-03-20,48.830002,48.950001,48.310001,48.75,42.927605,3756500
2014-03-21,48.950001,49.610001,48.689999,48.889999,43.05088,5434900
2014-03-24,48.860001,49.290001,48.73,48.759998,42.936405,4289500
2014-03-25,48.849998,49.470001,48.529999,49.369999,43.473553,4703000
2014-03-26,49.43,49.650002,49.189999,49.32,43.429527,2936300
2014-03-27,49.279999,49.950001,48.990002,49.799999,43.852192,4253000
2014-03-28,49.82,50.169998,49.650002,50.0,44.028301,2668100
2014-03-31,50.18,50.950001,50.0,50.66,44.609486,3276700
2014-04-01,50.77,50.810001,50.169998,50.400002,44.380539,3006200
2014-04-02,50.369999,50.560001,49.990002,50.41,44.389332,2759500
2014-04-03,50.5,50.75,50.310001,50.57,44.530228,1962100
2014-04-04,50.779999,51.400002,50.610001,50.779999,44.715145,2778200
2014-04-07,50.900002,51.310001,50.68,50.689999,44.635899,2786000
2014-04-08,50.779999,51.5,50.349998,51.41,45.269905,2909000
2014-04-09,51.43,51.619999,50.950001,51.540001,45.384388,3132100
2014-04-10,51.599998,51.900002,50.959999,50.990002,44.90007,3935300
2014-04-11,51.110001,51.470001,50.860001,50.900002,44.82082,3052400
2014-04-14,51.259998,51.43,50.799999,51.279999,45.155437,2863400
2014-04-15,51.32,52.349998,51.25,52.32,46.07122,3915900
2014-04-16,52.27,52.5,52.02,52.5,46.229725,2526000
2014-04-17,52.349998,52.599998,51.630001,51.73,45.551697,2165300
2014-04-21,51.580002,52.16,51.43,51.650002,45.481239,2344200
2014-04-22,51.650002,51.82,51.220001,51.669998,45.498852,2783200
2014-04-23,51.75,52.360001,51.700001,51.900002,45.701389,3055300
2014-04-24,52.060001,52.759998,51.639999,52.330002,46.080029,4579000
2014-04-25,53.09,53.580002,52.639999,53.380001,47.00462,4546300
2014-04-28,53.599998,54.52,53.599998,54.439999,47.93803,4753100
2014-04-29,54.450001,54.639999,53.810001,53.880001,47.444912,4460600
2014-04-30,53.990002,54.43,53.759998,53.810001,47.383274,3726900
2014-05-01,53.990002,54.060001,53.169998,53.869999,47.436096,3304600
2014-05-02,53.639999,53.639999,52.419998,52.830002,46.520313,3822900
2014-05-05,52.799999,53.389999,52.700001,53.360001,46.987011,2988100
2014-05-06,53.23,53.349998,52.84,52.849998,46.537922,2973600
2014-05-07,52.470001,53.52,52.360001,53.5,47.560242,3366800
2014-05-08,53.490002,53.57,52.869999,53.060001,47.169106,3110500
2014-05-09,53.07,53.259998,52.279999,52.32,46.511253,3482400
2014-05-12,52.490002,52.509998,51.599998,51.759998,46.013428,3597700
2014-05-13,51.98,52.27,51.810001,52.23,46.431252,2939900
2014-05-14,52.23,52.880001,52.18,52.360001,46.546814,2721300
2014-05-15,52.369999,52.57,51.950001,52.02,46.244568,2302400
2014-05-16,52.130001,52.720001,51.860001,52.700001,46.849068,3115900
2014-05-19,52.59,52.610001,51.009998,51.02,45.355583,4099100
2014-05-20,51.099998,51.529999,50.82,50.959999,45.30225,3391400
2014-05-21,51.060001,51.240002,50.880001,51.110001,45.435589,1665000
2014-05-22,51.169998,51.720001,51.110001,51.490002,45.773407,1813400
2014-05-23,51.439999,51.709999,51.32,51.41,45.702286,1597400
2014-05-27,52.130001,52.919998,52.040001,52.700001,46.849068,5163500
2014-05-28,52.66,52.990002,52.349998,52.939999,47.062416,3654400
2014-05-29,53.060001,53.110001,52.400002,52.790001,46.929077,3225900
2014-05-30,52.77,53.400002,52.759998,53.349998,47.426895,2757200
2014-06-02,53.200001,53.599998,53.040001,53.48,47.542465,2340200
2014-06-03,53.540001,54.200001,53.360001,53.939999,47.951397,4483100
2014-06-04,53.740002,54.040001,53.66,53.990002,47.995838,2753600
2014-06-05,53.540001,54.419998,53.540001,54.169998,48.155861,2778500
2014-06-06,54.5,54.529999,54.029999,54.07,48.066963,1601900
2014-06-09,53.919998,53.990002,53.369999,53.490002,47.551357,2240400
2014-06-10,53.48,53.790001,53.27,53.459999,47.524685,2508500
2014-06-11,53.400002,53.48,52.5,52.529999,46.697937,2741500
2014-06-12,52.459999,52.759998,51.599998,52.59,46.751278,2368900
2014-06-13,52.52,52.939999,52.169998,52.779999,46.920185,1610100
2014-06-16,52.740002,53.709999,52.720001,53.09,47.195766,2415300
2014-06-17,52.82,52.990002,52.290001,52.810001,46.946854,1821300
2014-06-18,52.919998,54.139999,52.849998,54.119999,48.111412,3582800
2014-06-19,54.259998,54.990002,54.150002,54.900002,48.804817,3078400
2014-06-20,54.900002,54.950001,54.439999,54.48,48.431442,2506500
2014-06-23,54.529999,54.57,54.07,54.450001,48.404778,1794000
2014-06-24,54.25,54.82,54.25,54.650002,48.582573,1959900
2014-06-25,54.540001,55.240002,54.450001,55.119999,49.000393,2183700
2014-06-26,55.130001,55.130001,54.830002,55.0,48.893707,2534800
2014-06-27,54.98,55.41,54.75,55.330002,49.187077,2644400
2014-06-30,55.43,55.939999,55.16,55.77,49.57822,2343200
2014-07-01,55.830002,55.91,55.189999,55.209999,49.080402,1807000
2014-07-02,55.110001,55.189999,53.740002,54.169998,48.155861,2731400
2014-07-03,53.810001,53.84,53.189999,53.759998,47.791382,2020600
2014-07-07,53.540001,54.110001,53.540001,53.77,47.80027,2562900
2014-07-08,53.84,54.59,53.84,54.549999,48.493671,3120500
2014-07-09,54.790001,54.939999,54.299999,54.709999,48.635906,2651900
2014-07-10,54.5,54.889999,54.5,54.799999,48.715912,2153200
2014-07-11,54.75,54.950001,54.130001,54.310001,48.280315,1986400
2014-07-14,54.389999,54.560001,53.529999,53.599998,47.649147,3134200
2014-07-15,53.580002,54.189999,53.580002,53.93,47.942513,2701200
2014-07-16,54.040001,54.27,53.75,54.209999,48.191422,2044700
2014-07-17,54.16,54.259998,53.48,53.48,47.542465,2043000
2014-07-18,53.73,54.450001,53.540001,54.389999,48.351433,1936200
2014-07-21,54.32,54.360001,53.610001,54.040001,48.040298,2035900
2014-07-22,54.240002,54.32,53.939999,54.049999,48.049187,1213800
2014-07-23,54.060001,54.23,53.900002,53.970001,47.978062,1785400
2014-07-24,53.959999,54.049999,53.73,54.009998,48.013618,2192700
2014-07-25,54.25,54.720001,52.919998,53.220001,47.31134,3061600
2014-07-28,53.139999,54.66,53.029999,54.650002,48.582573,2907900
2014-07-29,54.799999,54.889999,54.07,54.09,48.08474,2069600
2014-07-30,54.110001,54.23,52.57,53.0,47.115761,2890000
2014-07-31,52.759998,52.93,51.959999,51.990002,46.217888,2509600
2014-08-01,52.0,52.810001,51.959999,52.310001,46.502357,2605500
2014-08-04,52.200001,52.200001,50.48,51.400002,45.693398,5778300
2014-08-05,51.279999,51.560001,50.700001,50.84,45.195572,2880800
2014-08-06,50.299999,50.330002,49.060001,49.279999,44.243896,5967200
2014-08-07,49.490002,50.150002,49.490002,49.84,44.746666,2914000
2014-08-08,49.849998,50.560001,49.849998,50.52,45.357174,2811700
2014-08-11,50.52,50.84,50.27,50.34,45.195572,1942800
2014-08-12,50.110001,50.68,50.110001,50.41,45.258419,2444800
2014-08-13,50.529999,50.939999,50.419998,50.77,45.581627,2732300
2014-08-14,50.779999,51.259998,50.779999,51.139999,45.913818,2181900
2014-08-15,51.16,51.619999,51.139999,51.419998,46.165199,2452900
2014-08-18,51.439999,51.849998,51.369999,51.470001,46.210087,2580700
2014-08-19,51.630001,52.209999,51.490002,52.200001,46.86549,2260400
2014-08-20,52.130001,52.439999,51.919998,52.380001,47.027096,2067800
2014-08-21,52.459999,52.970001,52.419998,52.799999,47.404179,2427500
2014-08-22,52.700001,52.869999,52.060001,52.540001,47.170738,2322800
2014-08-25,52.849998,53.02,52.580002,52.950001,47.538845,1214500
2014-08-26,53.02,53.290001,52.209999,52.259998,46.919357,1548900
2014-08-27,52.299999,53.18,52.299999,53.150002,47.718399,2317100
2014-08-28,52.950001,53.400002,52.900002,53.32,47.871033,1744400
2014-08-29,53.389999,53.709999,53.23,53.700001,48.2122,1525800
2014-09-02,53.66,53.73,52.75,52.880001,47.475994,2369600
2014-09-03,53.09,53.529999,53.0,53.360001,47.90694,1714600
2014-09-04,53.299999,53.41,52.75,53.0,47.58374,2261400
2014-09-05,53.240002,53.869999,53.040001,53.860001,48.355843,2236200
2014-09-08,53.830002,53.860001,53.330002,53.529999,48.05957,1892000
2014-09-09,53.25,53.400002,52.779999,52.990002,47.574757,2497500
2014-09-10,53.02,53.169998,52.68,52.990002,47.574757,2187000
2014-09-11,53.02,53.630001,52.959999,53.540001,48.068554,2041100
2014-09-12,53.32,53.380001,52.299999,52.48,47.116875,2058500
2014-09-15,52.52,52.93,52.419998,52.689999,47.305416,1758400
2014-09-16,52.73,53.790001,52.639999,53.630001,48.149353,2175900
2014-09-17,53.82,53.880001,53.049999,53.32,47.871033,2060300
2014-09-18,53.32,53.450001,52.529999,52.740002,47.350304,1704800
2014-09-19,52.860001,53.360001,52.709999,53.279999,47.835114,2386300
2014-09-22,53.130001,53.27,52.75,52.970001,47.556805,1213400
2014-09-23,52.900002,52.98,52.540001,52.560001,47.188698,2022700
2014-09-24,52.669998,52.720001,52.220001,52.470001,47.107903,2151000
2014-09-25,52.490002,52.66,52.080002,52.09,46.766724,1900100
2014-09-26,52.099998,52.5,51.580002,52.25,46.910374,1386600
2014-09-29,52.040001,52.32,51.720001,52.18,46.847538,2202100
2014-09-30,52.299999,52.759998,51.959999,52.209999,46.874458,2064900
2014-10-01,52.34,52.93,52.220001,52.380001,47.027096,2214100
2014-10-02,52.369999,52.779999,52.18,52.279999,46.937309,2363100
2014-10-03,52.380001,53.009998,51.970001,52.869999,47.467022,2055500
2014-10-06,53.049999,53.259998,52.610001,52.799999,47.404179,1448700
2014-10-07,52.689999,53.509998,52.610001,52.959999,47.547821,2845700
2014-10-08,52.889999,54.139999,52.889999,54.119999,48.589275,2316700
2014-10-09,54.119999,54.43,53.470001,53.560001,48.08651,3675200
2014-10-10,53.880001,54.5,53.73,53.889999,48.382778,2693700
2014-10-13,53.849998,54.939999,53.75,54.23,48.68803,2762800
2014-10-14,54.549999,55.619999,54.189999,54.720001,49.127964,3731700
2014-10-15,54.34,54.93,52.91,54.369999,48.813728,4725900
2014-10-16,53.57,54.060001,52.860001,53.939999,48.42767,3612500
2014-10-17,54.669998,54.790001,53.490002,54.610001,49.029198,3839500
2014-10-20,54.59,55.450001,54.5,55.360001,49.702557,2164300
2014-10-21,55.41,55.689999,55.009998,55.560001,49.882126,2766500
2014-10-22,55.560001,56.549999,55.5,55.919998,50.20533,3716100
2014-10-23,56.040001,56.299999,55.060001,55.279999,49.630733,4535400
2014-10-24,55.529999,56.669998,55.450001,56.470001,50.69912,2816600
2014-10-27,56.610001,57.389999,56.549999,56.759998,50.959484,3010200
2014-10-28,56.900002,56.959999,56.240002,56.59,50.806854,3322400
2014-10-29,56.709999,57.380001,56.169998,56.759998,50.959484,2668000
2014-10-30,57.009998,58.299999,56.869999,58.27,52.315174,3226700
2014-10-31,58.59,58.610001,58.0,58.34,52.378014,3034300
2014-11-03,58.41,58.799999,58.220001,58.650002,52.656334,2021300
2014-11-04,58.669998,58.950001,58.029999,58.130001,52.189484,2155900
2014-11-05,58.580002,59.84,58.419998,59.740002,53.634949,4670000
2014-11-06,58.549999,58.759998,57.07,57.869999,52.42112,4770600
2014-11-07,57.91,58.349998,57.669998,58.32,52.828747,1754400
2014-11-10,58.009998,58.560001,57.970001,58.380001,52.883099,2371000
2014-11-11,58.299999,58.439999,57.630001,57.939999,52.484531,2290400
2014-11-12,57.450001,57.650002,56.549999,56.869999,51.515274,3305400
2014-11-13,56.869999,57.25,56.169998,56.310001,51.008003,2860600
2014-11-14,56.18,56.380001,55.939999,56.060001,50.781548,2116000
2014-11-17,56.049999,57.259998,55.900002,57.189999,51.805145,2907000
2014-11-18,57.32,57.599998,56.950001,57.25,51.859497,2367400
2014-11-19,57.200001,57.360001,56.84,57.240002,51.850437,2302000
2014-11-20,57.09,57.549999,56.77,57.23,51.841385,2195800
2014-11-21,57.66,57.790001,56.779999,57.419998,52.013485,2329300
2014-11-24,57.419998,57.5,56.77,56.799999,51.451866,2094900
2014-11-25,56.950001,57.0,56.32,56.580002,51.252586,2786300
2014-11-26,56.740002,57.0,56.509998,56.66,51.325047,2049000
2014-11-28,56.82,57.75,56.82,57.549999,52.131252,1316000
2014-12-01,57.310001,58.349998,56.970001,58.009998,52.547935,2555800
2014-12-02,57.990002,58.549999,57.549999,58.360001,52.864983,2237700
2014-12-03,58.439999,58.619999,58.060001,58.509998,53.000854,2733000
2014-12-04,58.52,58.779999,58.060001,58.439999,52.937454,2091700
2014-12-05,57.75,58.299999,57.470001,57.759998,52.321476,1965100
2014-12-08,57.939999,58.799999,57.790001,58.759998,53.227318,2997500
2014-12-09,58.290001,59.349998,58.290001,58.869999,53.326962,3143200
2014-12-10,59.009998,59.580002,58.209999,58.23,52.747231,2365200
2014-12-11,58.490002,59.27,58.459999,58.860001,53.317902,2156200
2014-12-12,58.549999,59.349998,58.450001,58.689999,53.163914,3216400
2014-12-15,58.639999,58.919998,57.509998,58.080002,52.611347,2952400
2014-12-16,58.080002,58.77,57.200001,57.830002,52.384888,2128000
2014-12-17,57.93,58.98,57.93,58.82,53.28167,2406400
2014-12-18,59.029999,59.990002,58.82,59.98,54.332447,2622700
2014-12-19,60.009998,60.48,59.509998,59.889999,54.250919,3966700
2014-12-22,59.869999,60.150002,59.509998,60.150002,54.486439,1711800
2014-12-23,60.259998,60.48,60.060001,60.110001,54.450199,1693100
2014-12-24,60.25,61.450001,60.220001,61.310001,55.53722,1795100
2014-12-26,61.459999,62.389999,61.369999,61.990002,56.153191,2819000
2014-12-29,62.0,63.220001,62.0,62.91,56.986568,2573700
2014-12-30,62.799999,62.799999,61.560001,61.720001,55.908611,2001600
2014-12-31,61.82,62.029999,60.68,60.720001,55.002766,1942400
2015-01-02,60.880001,61.240002,60.389999,61.150002,55.392284,2007400
2015-01-05,61.099998,61.279999,59.970001,60.25,54.577015,2642600
2015-01-06,60.419998,61.84,60.369999,60.580002,54.87595,4166500
2015-01-07,60.709999,61.880001,60.360001,61.439999,55.65498,2798800
2015-01-08,61.630001,62.189999,61.630001,61.970001,56.135078,2470100
2015-01-09,62.029999,62.169998,61.150002,61.639999,55.836143,2413800
2015-01-12,61.880001,61.959999,61.099998,61.560001,55.763676,2411100
2015-01-13,62.040001,62.880001,61.52,61.869999,56.044491,2641900
2015-01-14,61.709999,62.830002,61.41,62.759998,56.850689,2599600
2015-01-15,62.799999,63.389999,62.540001,63.16,57.213028,2605300
2015-01-16,63.189999,63.599998,62.759998,63.57,57.584423,2334500
2015-01-20,64.0,64.050003,63.02,63.529999,57.548187,2258000
2015-01-21,63.380001,64.25,62.950001,64.139999,58.10075,2481300
2015-01-22,64.559998,64.629997,63.669998,64.080002,58.046402,1944700
2015-01-23,64.379997,64.900002,64.120003,64.519997,58.444973,2056600
2015-01-26,64.419998,64.599998,64.019997,64.57,58.490261,1802700
2015-01-27,64.410004,64.82,64.199997,64.25,58.200397,2736100
2015-01-28,64.279999,65.379997,63.25,63.380001,57.412315,3645700
2015-01-29,63.360001,63.990002,62.75,63.720001,57.720299,3007700
2015-01-30,63.59,64.269997,62.759998,62.810001,56.895985,3855900
2015-02-02,62.810001,63.509998,62.279999,63.060001,57.122444,3641300
2015-02-03,62.919998,63.139999,62.5,62.759998,56.850689,3641300
2015-02-04,62.75,63.0,62.02,62.220001,56.361538,3356200
2015-02-05,62.560001,62.689999,61.889999,62.450001,56.569881,2203200
2015-02-06,61.799999,62.029999,58.860001,59.150002,54.039215,4139600
2015-02-09,59.09,59.43,58.02,58.240002,53.207844,3748700
2015-02-10,58.259998,59.43,58.259998,59.310001,54.185394,3403500
2015-02-11,59.07,59.07,58.09,58.279999,53.244392,2820100
2015-02-12,58.279999,58.52,57.75,57.98,52.970303,3705200
2015-02-13,57.810001,58.110001,57.009998,57.830002,52.833275,3856600
2015-02-17,57.540001,58.470001,57.279999,57.869999,52.86982,4017900
2015-02-18,57.869999,59.310001,57.689999,59.119999,54.01181,3712600
2015-02-19,58.919998,59.07,58.029999,58.41,53.363159,2956500
2015-02-20,58.330002,58.77,57.639999,58.720001,53.64637,3899800
2015-02-23,58.77,59.150002,58.689999,59.09,53.984402,2136400
2015-02-24,58.990002,59.639999,58.75,59.279999,54.157978,2154200
2015-02-25,59.18,59.290001,58.029999,58.080002,53.061676,3058500
2015-02-26,58.220001,58.419998,57.299999,57.41,52.449566,3200600
2015-02-27,57.529999,57.889999,57.259998,57.580002,52.604877,2475400
2015-03-02,57.389999,57.580002,55.77,56.150002,51.298431,2989900
2015-03-03,56.080002,56.75,55.779999,56.73,51.828316,2959500
2015-03-04,56.450001,57.549999,56.25,56.580002,51.691273,3194000
2015-03-05,57.0,57.5,56.84,57.080002,52.148079,2319900
2015-03-06,56.52,56.52,54.66,55.009998,50.256931,3794800
2015-03-09,55.099998,55.52,54.939999,55.18,50.412239,2303900
2015-03-10,55.060001,55.849998,54.93,55.259998,50.485325,2588200
2015-03-11,55.27,55.560001,54.700001,54.77,50.037666,2108000
2015-03-12,55.040001,56.23,54.93,55.970001,51.13398,2256900
2015-03-13,55.849998,55.849998,54.700001,55.310001,50.531006,2303500
2015-03-16,55.5,56.540001,55.48,56.16,51.307568,1875900
2015-03-17,55.880001,56.43,55.73,55.900002,51.07003,2369400
2015-03-18,55.93,57.939999,55.669998,57.549999,52.577465,3072500
2015-03-19,57.389999,57.950001,56.860001,57.049999,52.12067,2227200
2015-03-20,57.32,57.98,57.02,57.700001,52.714504,3453300
2015-03-23,57.709999,58.150002,57.599998,57.950001,52.942902,1905600
2015-03-24,57.849998,58.279999,57.07,57.25,52.303391,1919600
2015-03-25,57.32,57.75,55.880001,55.91,51.079166,5557100
2015-03-26,55.799999,56.23,55.09,55.330002,50.549282,3077200
2015-03-27,55.400002,56.48,55.220001,55.900002,51.07003,2544900
2015-03-30,56.07,56.900002,55.860001,56.580002,51.691273,1869100
2015-03-31,56.470001,57.07,56.099998,56.25,51.38979,3366600
2015-04-01,56.220001,56.630001,55.630001,56.369999,51.49942,3031500
2015-04-02,56.32,56.650002,56.16,56.459999,51.581646,2277300
2015-04-06,56.639999,57.509998,56.639999,57.099998,52.166348,1794000
2015-04-07,57.009998,57.169998,56.349998,56.369999,51.49942,1869700
2015-04-08,56.389999,56.439999,55.66,55.98,51.14312,2953700
2015-04-09,56.049999,56.080002,55.380001,55.790001,50.969536,1926000
2015-04-10,55.959999,56.580002,55.790001,56.389999,51.517693,1279100
2015-04-13,56.209999,56.360001,55.639999,55.669998,50.859901,1128400
2015-04-14,55.779999,56.279999,55.700001,56.099998,51.252743,1786000
2015-04-15,56.220001,56.77,56.099998,56.360001,51.490284,2216500
2015-04-16,56.18,56.220001,55.529999,55.849998,51.024349,2762000
2015-04-17,55.619999,56.389999,55.509998,55.73,50.914719,1980100
2015-04-20,55.849998,57.09,55.84,56.630001,51.736958,2408500
2015-04-21,56.669998,57.07,55.77,55.970001,51.13398,1958900
2015-04-22,56.18,56.25,55.669998,56.139999,51.289299,2305100
2015-04-23,56.84,57.119999,56.330002,56.900002,51.983627,2776200
2015-04-24,57.150002,58.349998,57.040001,57.880001,52.878952,4012500
2015-04-27,58.07,58.110001,57.650002,57.709999,52.723637,3458100
2015-04-28,57.389999,58.110001,57.18,58.080002,53.061676,3114200
2015-04-29,57.509998,58.029999,57.209999,57.790001,52.796734,4065000
2015-04-30,57.540001,57.610001,56.419998,56.869999,51.956219,3815700
2015-05-01,56.849998,57.18,56.529999,57.029999,52.10239,2385700
2015-05-04,57.040001,57.720001,56.919998,57.360001,52.403885,2231000
2015-05-05,57.130001,57.169998,55.830002,55.900002,51.07003,4733200
2015-05-06,55.48,55.689999,54.360001,54.959999,50.691868,2998700
2015-05-07,55.240002,55.720001,55.029999,55.259998,50.968567,2180200
2015-05-08,55.799999,56.27,55.540001,55.799999,51.466637,2179300
2015-05-11,55.630001,56.169998,55.290001,55.43,51.125374,1606900
2015-05-12,55.080002,55.16,54.57,54.950001,50.682644,2906700
2015-05-13,55.049999,55.369999,54.060001,54.279999,50.064678,2949200
2015-05-14,54.560001,55.310001,54.549999,55.099998,50.820995,2306400
2015-05-15,55.32,55.740002,55.130001,55.599998,51.282166,2144400
2015-05-18,55.360001,56.040001,55.34,55.880001,51.540424,1974500
2015-05-19,55.599998,56.099998,55.43,55.799999,51.466637,1766600
2015-05-20,55.759998,56.27,55.720001,55.919998,51.577312,1748800
2015-05-21,55.91,56.049999,55.540001,55.810001,51.475861,2026200
2015-05-22,55.610001,55.810001,55.259998,55.650002,51.328285,1617900
2015-05-26,55.599998,55.639999,54.919998,55.330002,51.033138,2031900
2015-05-27,55.490002,56.139999,55.290001,56.060001,51.706444,2492900
2015-05-28,56.009998,56.330002,55.619999,56.099998,51.74334,2135800
2015-05-29,56.240002,56.450001,55.790001,56.290001,51.918591,3676900
2015-06-01,56.07,56.41,55.75,56.009998,51.660324,2128500
2015-06-02,55.630001,55.669998,54.82,55.169998,50.885559,2221200
2015-06-03,55.099998,55.259998,54.099998,54.380001,50.15691,2655600
2015-06-04,54.150002,54.66,54.119999,54.290001,50.073898,3265500
2015-06-05,53.77,53.790001,53.119999,53.439999,49.289909,3394300
2015-06-08,53.509998,53.59,53.200001,53.459999,49.308357,2791700
2015-06-09,53.400002,53.919998,53.25,53.459999,49.308357,2862100
2015-06-10,54.52,54.810001,53.869999,53.889999,49.704964,3021900
2015-06-11,54.360001,54.509998,54.119999,54.310001,50.092346,2495900
2015-06-12,54.080002,54.23,53.860001,53.93,49.741859,1884300
2015-06-15,53.799999,54.0,53.57,53.650002,49.483604,1814900
2015-06-16,53.549999,53.84,53.34,53.73,49.557388,2673200
2015-06-17,53.669998,54.150002,53.450001,54.060001,49.861759,2032200
2015-06-18,54.110001,54.990002,54.110001,54.830002,50.571964,2069300
2015-06-19,54.860001,54.939999,54.450001,54.470001,50.239925,2629400
2015-06-22,54.580002,54.580002,54.099998,54.240002,50.027786,1568200
2015-06-23,54.209999,54.299999,53.279999,53.34,49.197674,2565400
2015-06-24,53.369999,53.560001,52.919998,52.959999,48.847183,2866000
2015-06-25,52.98,53.200001,52.619999,52.619999,48.533592,1958800
2015-06-26,52.59,53.040001,52.32,52.91,48.801071,2194200
2015-06-29,52.93,53.66,52.77,52.799999,48.699612,2368300
2015-06-30,52.950001,53.25,52.759998,52.970001,48.856411,3239300
2015-07-01,53.0,53.369999,52.759998,53.290001,49.151562,2664500
2015-07-02,53.52,54.330002,53.509998,54.23,50.018562,2125300
2015-07-06,54.09,54.549999,54.02,54.529999,50.295258,3266700
2015-07-07,54.799999,56.5,54.740002,56.080002,51.724895,4446500
2015-07-08,55.799999,56.369999,55.75,56.029999,51.678776,2975000
2015-07-09,56.099998,56.330002,55.23,55.52,51.208382,3339400
2015-07-10,55.450001,55.990002,55.209999,55.560001,51.245277,2806400
2015-07-13,55.669998,55.900002,54.880001,55.34,51.042355,2215500
2015-07-14,55.389999,55.669998,54.990002,55.189999,50.904011,1929500
2015-07-15,55.200001,55.68,54.990002,55.68,51.355957,2418800
2015-07-16,55.720001,56.450001,55.619999,56.360001,51.983143,2497000
2015-07-17,56.110001,56.360001,55.709999,55.720001,51.392849,2824500
2015-07-20,55.580002,55.700001,55.049999,55.540001,51.226826,2747500
2015-07-21,55.5,55.580002,54.650002,54.889999,50.627308,2201300
2015-07-22,54.970001,55.549999,54.889999,55.209999,50.922455,3186400
2015-07-23,55.330002,55.330002,54.220001,54.59,50.350601,3534300
2015-07-24,54.509998,54.779999,54.169998,54.599998,50.359821,3025400
2015-07-27,54.66,56.029999,54.619999,55.740002,51.411293,2789900
2015-07-28,55.639999,56.029999,55.52,55.889999,51.549648,2687100
2015-07-29,55.75,56.0,55.380001,55.939999,51.595764,2497200
2015-07-30,55.66,56.610001,55.57,56.32,51.946247,1994100
2015-07-31,56.790001,57.220001,56.48,56.57,52.176834,2414600
2015-08-03,56.779999,57.25,56.650002,57.060001,52.628784,2458600
2015-08-04,57.029999,57.139999,56.279999,56.389999,52.010818,2200000
2015-08-05,56.59,56.849998,56.240002,56.650002,52.250626,2305200
2015-08-06,56.029999,56.32,55.34,56.259998,52.380966,2204900
2015-08-07,56.150002,57.080002,55.779999,56.77,52.855808,2038400
2015-08-10,56.810001,57.07,56.540001,56.709999,52.799946,2511500
2015-08-11,56.700001,57.380001,56.459999,56.849998,52.930294,2383300
2015-08-12,56.849998,57.77,56.599998,57.57,53.600647,2444800
2015-08-13,57.330002,57.740002,56.880001,57.549999,53.582027,1887300
2015-08-14,57.57,58.209999,57.09,58.200001,54.187206,1933500
2015-08-17,58.189999,58.669998,57.990002,58.349998,54.32687,2194300
2015-08-18,58.200001,58.369999,57.959999,58.27,54.252388,1954000
2015-08-19,58.009998,58.959999,57.82,58.799999,54.745838,2319000
2015-08-20,58.419998,59.18,58.119999,58.369999,54.34549,1856100
2015-08-21,57.970001,58.360001,57.220001,57.290001,53.339958,3934300
2015-08-24,55.290001,56.77,53.029999,54.830002,51.049568,5660400
2015-08-25,55.02,55.650002,53.0,53.02,49.364361,4974600
2015-08-26,53.529999,54.209999,52.799999,54.009998,50.286102,4407800
2015-08-27,54.580002,54.93,54.110001,54.91,51.12405,2909100
2015-08-28,54.849998,55.380001,54.07,54.900002,51.114738,2105500
2015-08-31,54.549999,54.689999,53.82,54.290001,50.546799,3588900
2015-09-01,53.740002,53.93,52.650002,52.990002,49.336437,3281700
2015-09-02,53.380001,53.41,52.459999,53.009998,49.355049,2460900
2015-09-03,53.049999,53.529999,53.0,53.349998,49.671608,2339600
2015-09-04,52.959999,53.07,52.290001,52.540001,48.917465,2595300
2015-09-08,53.23,54.09,53.23,54.080002,50.351284,3149600
2015-09-09,54.360001,54.48,53.27,53.369999,49.690231,2602800
2015-09-10,53.41,53.869999,53.18,53.389999,49.708855,2172500
2015-09-11,53.290001,53.810001,53.040001,53.779999,50.071968,1804500
2015-09-14,53.869999,54.240002,53.599998,53.68,49.978859,2063800
2015-09-15,53.779999,54.02,53.389999,53.849998,50.137135,2423800
2015-09-16,53.98,54.720001,53.84,54.630001,50.863358,4547200
2015-09-17,54.669998,56.439999,54.540001,55.869999,52.017857,5244400
2015-09-18,55.5,56.330002,55.34,55.48,51.654743,3832700
2015-09-21,55.73,55.939999,55.349998,55.599998,51.766476,2823100
2015-09-22,55.380001,55.650002,54.599998,54.720001,50.947147,3559800
2015-09-23,54.810001,55.110001,54.509998,55.02,51.226467,1878500
2015-09-24,54.849998,55.599998,54.740002,55.459999,51.636131,3829200
2015-09-25,55.59,56.549999,55.189999,55.990002,52.129589,2718000
2015-09-28,55.939999,56.52,55.459999,55.860001,52.008553,2413800
2015-09-29,55.990002,56.389999,55.740002,56.130001,52.259937,2659800
2015-09-30,56.349998,56.970001,56.009998,56.860001,52.939606,2785200
2015-10-01,56.919998,57.0,55.790001,56.139999,52.269245,4215600
2015-10-02,56.73,56.759998,55.689999,56.32,52.436836,5169200
2015-10-05,56.669998,57.59,56.439999,57.459999,53.498234,3007300
2015-10-06,57.23,57.439999,56.43,56.619999,52.716156,3101500
2015-10-07,56.759998,56.799999,55.950001,56.040001,52.17614,4452000
2015-10-08,56.009998,56.959999,55.939999,56.869999,52.948914,3397500
2015-10-09,56.900002,57.040001,56.509998,56.740002,52.827877,2043000
2015-10-12,56.799999,57.740002,56.799999,57.560001,53.591339,2270700
2015-10-13,57.459999,57.860001,57.259998,57.650002,53.675133,2143500
2015-10-14,57.669998,58.400002,57.599998,58.150002,54.140663,3887500
2015-10-15,58.349998,58.810001,57.889999,58.720001,54.671356,2754900
2015-10-16,59.0,59.040001,58.27,58.540001,54.503769,3033700
2015-10-19,58.459999,58.669998,57.830002,58.59,54.550323,2892100
2015-10-20,58.509998,59.23,58.220001,58.66,54.615494,3108100
2015-10-21,58.959999,59.52,58.720001,58.939999,54.876186,3320800
2015-10-22,58.509998,59.27,58.189999,59.169998,55.090332,4104600
2015-10-23,58.970001,59.009998,57.41,57.48,53.516853,4884500
2015-10-26,57.73,57.889999,57.27,57.82,53.833408,2861500
2015-10-27,57.869999,58.040001,57.43,57.669998,53.693752,2129500
2015-10-28,57.790001,57.98,56.400002,57.07,53.135124,2053800
2015-10-29,56.779999,57.0,55.52,56.209999,52.334415,3446100
2015-10-30,56.439999,56.93,56.209999,56.650002,52.744083,2763800
2015-11-02,56.650002,57.0,56.259998,56.889999,52.967533,2726900
2015-11-03,56.709999,57.040001,56.349998,56.75,52.837185,2139700
2015-11-04,56.77,57.150002,56.580002,56.709999,52.799946,2573700
2015-11-05,56.709999,56.970001,56.419998,56.490002,52.595116,2383700
2015-11-06,55.200001,55.279999,53.299999,53.959999,50.74258,5150900
2015-11-09,53.740002,54.57,53.529999,54.43,51.184551,3673300
2015-11-10,54.48,55.139999,54.48,55.099998,51.814598,2383200
2015-11-11,55.150002,55.689999,55.02,55.560001,52.247177,2710600
2015-11-12,55.380001,56.0,55.029999,55.32,52.021481,2637100
2015-11-13,55.380001,55.849998,54.950001,55.060001,51.776989,2247600
2015-11-16,55.049999,56.25,54.959999,56.209999,52.858418,2207900
2015-11-17,56.060001,56.549999,54.91,55.049999,51.767586,2422400
2015-11-18,55.09,55.5,54.310001,55.41,52.106117,4675700
2015-11-19,55.59,56.52,55.529999,56.32,52.961861,3748900
2015-11-20,56.540001,56.98,56.110001,56.540001,53.168743,4264700
2015-11-23,56.57,56.84,55.91,55.990002,52.651535,2302200
2015-11-24,55.689999,55.98,55.27,55.790001,52.463467,2254700
2015-11-25,55.580002,55.799999,55.299999,55.610001,52.294197,2346100
2015-11-27,55.66,56.130001,55.48,55.939999,52.604511,1423600
2015-11-30,55.950001,56.59,55.950001,56.009998,52.670349,4406000
2015-12-01,56.360001,56.880001,55.959999,56.73,53.347416,3523200
2015-12-02,56.450001,56.599998,55.27,55.330002,52.030891,2574700
2015-12-03,55.040001,55.32,54.5,54.700001,51.438457,3463400
2015-12-04,54.959999,55.889999,54.919998,55.84,52.510483,2328400
2015-12-07,56.23,56.299999,55.759998,56.25,52.896034,2687800
2015-12-08,56.119999,56.220001,55.560001,55.880001,52.548096,2301300
2015-12-09,55.720001,56.91,55.380001,56.25,52.896034,2798000
2015-12-10,56.279999,56.330002,54.810001,54.880001,51.607723,3723700
2015-12-11,54.650002,55.099998,54.400002,54.560001,51.306797,2962600
2015-12-14,54.560001,54.959999,54.080002,54.540001,51.287998,4001400
2015-12-15,55.099998,56.380001,54.790001,56.040001,52.698555,4354100
2015-12-16,56.189999,57.189999,56.110001,57.009998,53.61071,3424200
2015-12-17,56.970001,58.029999,56.849998,57.419998,53.996269,4305400
2015-12-18,57.209999,57.279999,56.029999,56.279999,52.924244,5469500
2015-12-21,56.610001,56.93,56.18,56.549999,53.178146,3552400
2015-12-22,56.700001,57.330002,56.220001,57.209999,53.798786,2862000
2015-12-23,57.34,58.419998,57.169998,58.25,54.776783,3181200
2015-12-24,58.139999,58.549999,58.049999,58.400002,54.917843,1337100
2015-12-28,58.16,58.740002,58.049999,58.599998,55.105907,2432100
2015-12-29,58.799999,59.07,58.66,58.889999,55.378624,3158900
2015-12-30,58.939999,59.139999,58.73,58.900002,55.388023,1754800
2015-12-31,58.82,59.439999,57.689999,58.27,54.795593,2455300
