2014-01-02,114.360001,116.190002,114.059998,115.800003,106.270126,2528800
2014-01-03,115.699997,115.970001,114.059998,114.470001,105.049576,2075800
2014-01-06,114.470001,114.919998,113.120003,113.480003,104.141045,2838100
2014-01-07,113.5,116.790001,113.269997,116.43,106.848297,3632400
2014-01-08,116.639999,116.900002,115.349998,115.879997,106.343536,2481800
2014-01-09,116.540001,118.959999,116.220001,118.889999,109.105835,3400000
2014-01-10,119.0,119.0,116.199997,117.989998,108.279915,3053100
2014-01-13,118.32,118.730003,115.940002,116.400002,106.820755,3703900
2014-01-14,116.839996,117.940002,116.220001,117.720001,108.032127,2541200
2014-01-15,118.419998,118.949997,117.400002,118.510002,108.757095,3064600
2014-01-16,118.82,119.690002,118.209999,119.029999,109.234322,2553200
2014-01-17,118.910004,119.550003,118.309998,119.150002,109.344429,4010000
2014-01-21,119.959999,120.0,118.57,119.25,109.436211,3072700
2014-01-22,119.830002,124.459999,119.580002,124.370003,114.134857,5086200
2014-01-23,123.0,124.220001,121.599998,123.599998,113.428215,3534800
2014-01-24,122.610001,122.610001,118.989998,119.290001,109.472908,4992900
2014-01-27,119.25,119.830002,117.419998,118.519997,108.766273,4125400
2014-01-28,118.389999,121.870003,118.309998,120.699997,110.766861,4348600
2014-01-29,117.0,121.160004,117.0,119.169998,109.362793,5730400
2014-01-30,120.07,121.980003,119.550003,120.889999,110.941238,3321100
2014-01-31,118.550003,120.209999,118.099998,118.949997,109.160896,4934900
2014-02-03,119.68,120.5,116.470001,116.75,107.14196,5046200
2014-02-04,117.690002,117.730003,115.709999,115.779999,106.251778,5093000
2014-02-05,115.43,116.940002,114.57,115.07,105.600204,4332200
2014-02-06,115.620003,116.82,115.080002,116.07,106.517899,2737000
2014-02-07,116.440002,119.040001,115.809998,118.900002,109.115013,2837900
2014-02-10,119.68,120.360001,117.900002,120.300003,110.399803,3352500
2014-02-11,120.0,121.25,118.849998,121.239998,111.829491,2502700
2014-02-12,120.93,122.540001,120.870003,122.209999,112.724197,2187500
2014-02-13,121.650002,124.160004,121.220001,124.150002,114.513603,2530100
2014-02-14,123.540001,124.300003,122.519997,123.839996,114.227676,2677100
2014-02-18,124.839996,126.32,124.57,124.940002,115.24231,3082100
2014-02-19,124.849998,124.900002,123.129997,123.349998,113.775719,2779400
2014-02-20,123.349998,124.309998,122.900002,123.489998,113.904854,3020000
2014-02-21,123.75,125.5,123.260002,123.849998,114.236908,3395000
2014-02-24,124.389999,126.589996,124.199997,125.790001,116.026321,2772600
2014-02-25,125.339996,126.220001,124.019997,124.360001,114.707314,2416300
2014-02-26,123.900002,124.230003,121.739998,121.860001,112.401375,3895700
2014-02-27,121.989998,123.900002,121.769997,123.080002,113.526688,3772900
2014-02-28,124.260002,126.949997,123.169998,124.019997,114.393707,4853600
2014-03-03,122.889999,124.18,122.519997,123.690002,114.089325,2503900
2014-03-04,125.32,126.059998,124.510002,126.0,116.220016,2557800
2014-03-05,126.18,127.150002,125.389999,126.190002,116.395271,2478200
2014-03-06,126.690002,127.419998,124.120003,124.190002,114.550507,3067500
2014-03-07,125.309998,125.900002,120.260002,122.260002,112.770309,7124700
2014-03-10,122.260002,126.099998,122.25,125.400002,115.666603,3786300
2014-03-11,125.449997,125.599998,123.739998,124.269997,114.624298,2655200
2014-03-12,122.980003,126.0,122.980003,125.980003,116.201591,2761100
2014-03-13,126.169998,126.349998,123.309998,123.959999,114.338364,2436800
2014-03-14,123.400002,124.910004,122.360001,122.540001,113.02858,2213600
2014-03-17,123.120003,125.309998,122.550003,123.860001,114.246124,2574100
2014-03-18,124.5,127.480003,124.309998,127.470001,117.57592,3255600
2014-03-19,127.989998,127.989998,125.720001,126.580002,116.755005,2599500
2014-03-20,126.160004,127.099998,125.239998,127.050003,117.18853,2311200
2014-03-21,127.050003,128.960007,122.470001,122.93,113.388313,7101100
2014-03-24,123.269997,123.5,118.559998,121.279999,111.866394,4448100
2014-03-25,121.739998,123.949997,119.660004,120.629997,111.266838,3863700
2014-03-26,121.230003,122.889999,120.050003,120.110001,110.787178,3843800
2014-03-27,121.309998,123.980003,120.5,122.290001,112.797997,4553400
2014-03-28,122.269997,124.120003,120.379997,120.550003,111.193054,3246000
2014-03-31,122.5,124.529999,122.190002,123.339996,113.766487,4761200
2014-04-01,123.669998,126.230003,123.510002,126.07,116.284592,3163600
2014-04-02,126.019997,127.089996,125.019997,125.980003,116.201591,2892900
2014-04-03,126.160004,127.25,123.129997,124.129997,114.495155,3036300
2014-04-04,125.07,125.379997,118.989998,119.110001,109.86483,5017400
2014-04-07,118.190002,119.739998,116.559998,118.82,109.597321,4813100
2014-04-08,120.169998,120.470001,117.669998,117.980003,108.822517,4181300
2014-04-09,117.940002,120.190002,117.5,120.0,110.685745,3441800
2014-04-10,119.870003,119.949997,113.400002,114.110001,105.252914,6201000
2014-04-11,113.269997,116.089996,111.900002,111.940002,103.25135,7262400
2014-04-14,113.0,114.879997,111.389999,113.32,104.524231,5428500
2014-04-15,113.900002,115.989998,111.400002,115.0,106.073837,4750200
2014-04-16,116.150002,116.239998,113.730003,115.540001,106.571915,3451000
2014-04-17,115.610001,117.190002,115.019997,115.459999,106.498138,3237500
2014-04-21,116.459999,117.089996,114.639999,117.019997,107.937035,2657900
2014-04-22,117.239998,119.709999,117.050003,119.300003,110.040077,4277500
2014-04-23,116.07,116.449997,111.510002,113.32,104.524231,10965800
2014-04-24,114.110001,114.5,111.790001,113.720001,104.893181,6112300
2014-04-25,113.620003,113.620003,111.300003,111.410004,102.762505,4512500
2014-04-28,111.779999,112.339996,108.199997,111.480003,102.827057,6113900
2014-04-29,112.300003,112.449997,110.669998,111.900002,103.214447,4116200
2014-04-30,111.809998,112.269997,110.410004,111.75,103.076103,4464900
2014-05-01,111.379997,113.209999,110.809998,112.760002,104.007706,3642700
2014-05-02,113.129997,113.720001,111.669998,112.419998,103.694084,4319200
2014-05-05,111.389999,113.339996,110.860001,113.18,104.395096,2544500
2014-05-06,112.559998,113.669998,112.199997,112.279999,103.564957,3760900
2014-05-07,111.720001,112.839996,110.779999,112.769997,104.016922,2823900
2014-05-08,112.400002,113.720001,110.57,110.779999,102.181396,4161900
2014-05-09,110.5,111.57,109.410004,111.480003,102.827057,3487800
2014-05-12,111.779999,112.730003,111.389999,111.730003,103.057648,3554700
2014-05-13,111.660004,112.18,110.760002,110.809998,102.770126,3676800
2014-05-14,111.139999,112.480003,110.519997,112.07,103.938713,2991500
2014-05-15,112.0,112.32,109.919998,110.290001,102.287857,2785400
2014-05-16,110.860001,112.029999,110.589996,111.940002,103.818161,4193600
2014-05-19,111.239998,112.470001,110.919998,112.080002,103.947998,3652400
2014-05-20,112.800003,112.849998,111.889999,112.220001,104.07782,3234200
2014-05-21,112.080002,113.839996,111.959999,113.489998,105.255692,2805100
2014-05-22,113.18,115.589996,113.010002,114.860001,106.526291,2582700
2014-05-23,114.989998,115.120003,113.559998,114.330002,106.034737,2812200
2014-05-27,115.730003,115.919998,114.720001,115.889999,107.481567,2513900
2014-05-28,116.099998,116.379997,115.360001,115.669998,107.277512,2261700
2014-05-29,115.769997,116.5,115.5,116.0,107.58358,2123100
2014-05-30,116.57,116.57,115.029999,115.989998,107.57431,2251900
2014-06-02,116.720001,117.059998,115.830002,116.449997,108.000908,2741200
2014-06-03,116.449997,117.720001,116.199997,117.120003,108.622307,2474100
2014-06-04,117.5,119.379997,117.220001,119.150002,110.505013,3047900
2014-06-05,119.339996,119.339996,117.599998,117.739998,109.197319,3116000
2014-06-06,118.82,118.830002,117.019997,117.82,109.271538,2551800
2014-06-09,117.470001,117.790001,116.040001,116.400002,107.954552,2900100
2014-06-10,115.760002,117.150002,115.699997,117.099998,108.603767,1912800
2014-06-11,116.959999,117.519997,115.599998,116.339996,107.898895,2178400
2014-06-12,116.139999,116.620003,115.610001,116.199997,107.769051,1802900
2014-06-13,116.669998,116.699997,115.300003,116.029999,107.61142,1457000
2014-06-16,116.0,116.910004,115.730003,116.160004,107.731956,2159600
2014-06-17,116.75,116.849998,115.669998,116.169998,107.741249,2106100
2014-06-18,116.440002,117.559998,115.5,117.489998,108.965462,2549100
2014-06-19,118.120003,118.120003,117.18,117.849998,109.299355,2206300
2014-06-20,118.529999,121.0,117.830002,120.970001,112.192986,6247400
2014-06-23,120.68,120.849998,118.5,119.129997,110.486473,2317200
2014-06-24,119.459999,120.260002,118.339996,118.790001,110.171158,2003100
2014-06-25,118.699997,120.339996,118.279999,119.419998,110.755432,2666800
2014-06-26,119.959999,119.970001,117.480003,119.139999,110.495766,2311400
2014-06-27,119.470001,119.5,117.5,118.589996,109.985657,3331900
2014-06-30,118.959999,119.169998,118.199997,118.370003,109.781609,2422700
2014-07-01,119.389999,120.5,119.050003,120.309998,111.580872,2072500
2014-07-02,120.080002,121.220001,120.019997,121.029999,112.248627,1447000
2014-07-03,121.449997,122.849998,120.720001,122.849998,113.936569,1963400
2014-07-07,121.849998,123.110001,120.040001,120.160004,111.44175,3075700
2014-07-08,119.989998,120.980003,119.099998,119.959999,111.256256,2455400
2014-07-09,120.449997,120.620003,118.919998,119.57,110.894562,2647600
2014-07-10,118.910004,119.199997,117.879997,118.949997,110.319534,2642500
2014-07-11,120.43,120.800003,119.110001,119.769997,111.080032,2733200
2014-07-14,120.839996,120.860001,118.809998,118.980003,110.347374,2149600
2014-07-15,118.739998,119.470001,116.57,116.860001,108.381172,3963000
2014-07-16,117.849998,117.849998,116.269997,117.709999,109.169495,4087100
2014-07-17,116.730003,117.169998,115.209999,115.389999,107.017838,2688000
2014-07-18,116.110001,118.68,114.93,118.300003,109.716705,3477600
2014-07-21,117.629997,119.339996,117.199997,119.029999,110.393738,3076700
2014-07-22,119.589996,121.269997,119.349998,121.110001,112.322823,2806100
2014-07-23,121.379997,122.389999,121.0,122.010002,113.157516,3527500
2014-07-24,122.150002,122.360001,121.32,122.260002,113.389374,3219700
2014-07-25,121.970001,122.879997,121.669998,122.839996,113.927299,3028900
2014-07-28,122.629997,123.050003,121.660004,122.650002,113.751091,2432000
2014-07-29,122.519997,124.389999,122.25,123.309998,114.363197,3988100
2014-07-30,128.630005,131.240005,128.630005,130.009995,120.577065,8465700
2014-07-31,128.389999,129.339996,127.040001,127.389999,118.147179,4839300
2014-08-01,126.169998,127.300003,124.760002,125.550003,116.440681,4542700
2014-08-04,129.0,129.389999,126.519997,128.649994,119.315742,6403700
2014-08-05,127.510002,129.0,126.620003,127.879997,118.601608,3749100
2014-08-06,127.260002,128.779999,126.529999,127.089996,117.868935,2579000
2014-08-07,127.410004,128.889999,125.510002,125.75,116.626167,3065200
2014-08-08,125.220001,127.410004,125.139999,126.949997,117.739098,2206800
2014-08-11,127.860001,128.0,126.580002,127.32,118.082253,2529200
2014-08-12,126.220001,126.900002,125.400002,126.32,117.718796,2324500
2014-08-13,126.650002,127.800003,126.300003,127.339996,118.669357,2537300
2014-08-14,125.199997,132.520004,124.809998,131.860001,122.881592,6408400
2014-08-15,133.309998,133.309998,130.0,132.800003,123.757599,4347800
2014-08-18,133.350006,133.979996,132.369995,133.220001,124.148972,3156700
2014-08-19,133.360001,133.690002,131.800003,133.020004,123.962608,1878900
2014-08-20,131.970001,133.270004,131.850006,132.679993,123.645744,1748900
2014-08-21,132.960007,133.009995,132.039993,132.529999,123.505951,1774300
2014-08-22,132.990005,133.460007,132.419998,132.820007,123.776237,2017800
2014-08-25,133.380005,134.929993,133.380005,134.789993,125.612083,2997500
2014-08-26,134.910004,137.669998,134.899994,137.270004,127.923225,3891200
2014-08-27,137.940002,138.570007,136.690002,137.830002,128.445084,2693200
2014-08-28,137.649994,139.380005,137.289993,138.690002,129.246567,3899700
2014-08-29,139.449997,139.729996,138.309998,139.380005,129.889542,2362500
2014-09-02,139.619995,139.929993,137.199997,137.960007,128.566223,3287800
2014-09-03,138.529999,138.850006,137.339996,138.580002,129.144028,2729300
2014-09-04,138.740005,139.5,137.529999,138.009995,128.612808,2975400
2014-09-05,138.220001,138.330002,135.630005,137.880005,128.491714,3357100
2014-09-08,138.0,139.360001,137.660004,139.270004,129.787064,2512900
2014-09-09,138.660004,138.979996,137.070007,137.389999,128.035049,3122500
2014-09-10,137.389999,139.720001,137.270004,139.190002,129.712494,2330500
2014-09-11,138.529999,139.929993,137.350006,138.960007,129.498138,3620000
2014-09-12,138.509995,138.990005,136.820007,137.889999,128.500977,2329700
2014-09-15,137.570007,138.059998,136.889999,137.970001,128.575546,2174500
2014-09-16,137.320007,139.550003,136.949997,139.330002,129.842957,2398900
2014-09-17,140.0,141.570007,138.619995,140.710007,131.128998,3940900
2014-09-18,140.899994,142.160004,139.949997,142.020004,132.349792,2160400
2014-09-19,142.990005,144.460007,142.289993,144.009995,134.204269,6703300
2014-09-22,143.289993,144.020004,141.089996,142.179993,132.498886,3082800
2014-09-23,141.839996,142.399994,140.570007,140.679993,131.101044,2320900
2014-09-24,140.75,142.479996,140.020004,142.240005,132.55481,3227600
2014-09-25,142.080002,143.029999,139.399994,139.850006,130.327545,2676400
2014-09-26,140.009995,141.190002,138.929993,141.059998,131.455139,2296200
2014-09-29,139.960007,141.5,139.330002,140.070007,130.532547,2218700
2014-09-30,140.309998,141.580002,139.020004,140.460007,130.896011,2646800
2014-10-01,140.389999,140.779999,138.179993,138.820007,129.367661,3752200
2014-10-02,138.979996,139.770004,136.320007,137.199997,127.857964,3060900
2014-10-03,138.070007,139.710007,137.899994,139.149994,129.675201,3429000
2014-10-06,138.070007,140.550003,136.979996,137.610001,128.240051,3190200
2014-10-07,137.139999,137.539993,135.979996,136.029999,126.767624,2679500
2014-10-08,135.610001,140.380005,135.419998,140.070007,130.532547,3621000
2014-10-09,139.570007,140.190002,137.020004,137.580002,128.212097,2750500
2014-10-10,136.779999,140.740005,136.779999,137.389999,128.035049,5750400
2014-10-13,137.050003,137.809998,133.520004,133.559998,124.46582,6866700
2014-10-14,135.380005,135.429993,131.929993,132.199997,123.198418,3736400
2014-10-15,131.020004,131.369995,128.600006,130.899994,121.986938,4700100
2014-10-16,128.149994,130.880005,127.669998,130.449997,121.567596,7906000
2014-10-17,131.25,139.850006,129.5,133.690002,124.58696,7351500
2014-10-20,133.279999,137.550003,133.009995,137.509995,128.146851,6623800
2014-10-21,138.490005,145.490005,137.009995,144.089996,134.278809,8951400
2014-10-22,143.809998,144.410004,141.669998,143.639999,133.859482,5222100
2014-10-23,145.899994,148.139999,145.240005,147.25,137.223648,4710700
2014-10-24,146.850006,147.5,145.520004,147.259995,137.232971,5318400
2014-10-27,146.699997,148.470001,146.110001,148.199997,138.109009,4172500
2014-10-28,151.75,157.25,151.470001,157.190002,146.486862,11623200
2014-10-29,157.910004,159.720001,156.910004,158.880005,148.061798,7069800
2014-10-30,158.639999,161.580002,158.160004,161.580002,150.577957,3864500
2014-10-31,164.559998,164.649994,161.419998,162.179993,151.137085,7971100
2014-11-03,162.080002,162.410004,159.649994,161.559998,150.559311,5823800
2014-11-04,160.690002,161.990005,159.169998,160.410004,149.487579,3719000
2014-11-05,161.309998,161.309998,158.809998,158.940002,148.117676,4062900
2014-11-06,159.970001,160.940002,159.470001,160.350006,149.431702,3310900
2014-11-07,162.070007,162.25,158.320007,160.25,149.338501,3633300
2014-11-10,161.009995,163.199997,160.5,163.089996,152.565872,3160900
2014-11-11,163.080002,163.860001,161.520004,162.419998,151.939102,3015700
2014-11-12,161.770004,163.070007,161.039993,161.929993,151.480713,3528900
2014-11-13,162.110001,162.350006,159.580002,160.850006,150.470413,3636900
2014-11-14,161.100006,161.279999,156.619995,157.679993,147.504959,4505700
2014-11-17,156.910004,160.199997,156.660004,159.139999,148.870758,2662400
2014-11-18,158.910004,162.389999,158.369995,162.240005,151.770721,3135600
2014-11-19,161.279999,163.279999,160.369995,162.639999,152.144897,2422900
2014-11-20,161.910004,164.830002,161.75,162.679993,152.182281,3208900
2014-11-21,165.580002,165.580002,161.429993,162.809998,152.303955,3717000
2014-11-24,163.0,165.679993,162.949997,164.179993,153.58551,2193300
2014-11-25,164.059998,164.410004,160.699997,162.240005,151.770721,3564900
2014-11-26,162.75,164.839996,162.470001,164.720001,154.090698,2118000
2014-11-28,165.0,167.350006,164.520004,165.309998,154.642609,1794800
2014-12-01,165.119995,167.369995,164.169998,166.410004,155.671616,2514200
2014-12-02,167.600006,169.330002,166.800003,169.279999,158.356415,3290200
2014-12-03,169.279999,169.490005,166.5,168.070007,157.224518,2369100
2014-12-04,167.539993,168.759995,166.449997,166.550003,155.802612,3357800
2014-12-05,166.679993,169.410004,166.110001,169.240005,158.319016,2548700
2014-12-08,169.389999,173.139999,169.0,171.639999,160.564133,3953700
2014-12-09,170.320007,170.910004,167.440002,169.389999,158.45932,3712300
2014-12-10,169.0,169.75,165.0,165.389999,154.717438,3490200
2014-12-11,166.699997,169.639999,165.600006,166.080002,155.36293,3173600
2014-12-12,163.139999,167.710007,162.300003,164.529999,153.912949,3366700
2014-12-15,164.770004,164.990005,159.399994,159.600006,149.301086,4428300
2014-12-16,157.679993,163.960007,157.5,159.440002,149.151382,4492800
2014-12-17,159.460007,164.009995,158.600006,163.479996,152.930695,3417900
2014-12-18,166.100006,168.589996,164.580002,168.479996,157.608047,3511800
2014-12-19,168.910004,171.729996,167.399994,170.169998,159.188995,7856300
2014-12-22,168.309998,169.039993,163.910004,164.529999,153.912949,4061500
2014-12-23,164.910004,164.990005,154.360001,157.520004,147.355301,7091700
2014-12-24,156.529999,163.169998,156.470001,160.669998,150.302032,2222800
2014-12-26,162.160004,164.149994,161.850006,163.460007,152.912003,1707500
2014-12-29,163.830002,164.050003,161.520004,162.850006,152.341354,1727600
2014-12-30,162.690002,162.729996,160.179993,160.630005,150.264603,2019800
2014-12-31,161.669998,163.279999,159.259995,159.289993,149.011078,2691900
2015-01-02,160.160004,162.589996,158.600006,159.889999,149.572357,2605400
2015-01-05,157.429993,159.600006,154.259995,157.990005,147.794952,4080300
2015-01-06,158.779999,158.880005,152.330002,152.899994,143.033417,5075800
2015-01-07,154.089996,158.580002,153.009995,158.240005,148.028839,3502400
2015-01-08,159.600006,162.759995,155.149994,157.669998,147.495621,4560200
2015-01-09,158.759995,158.759995,154.630005,155.729996,145.680801,3949100
2015-01-12,156.220001,157.990005,154.990005,156.220001,146.139175,2700700
2015-01-13,158.889999,160.960007,153.410004,155.139999,145.12886,4570400
2015-01-14,152.869995,155.539993,152.570007,155.160004,145.147614,3425400
2015-01-15,156.149994,157.740005,151.529999,151.919998,142.116653,2894000
2015-01-16,152.429993,158.440002,152.029999,158.429993,148.206573,3513200
2015-01-20,159.210007,159.729996,154.649994,157.600006,147.43013,3664400
2015-01-21,155.380005,158.270004,155.380005,157.380005,147.22435,2804900
2015-01-22,158.169998,159.779999,154.110001,159.570007,149.273026,3783100
2015-01-23,159.800003,160.009995,158.25,159.809998,149.497543,2249400
2015-01-26,159.619995,161.479996,157.669998,159.729996,149.422684,3149600
2015-01-27,158.529999,160.740005,158.279999,158.889999,148.636887,2876300
2015-01-28,158.320007,160.910004,154.509995,154.639999,144.661163,4927100
2015-01-29,154.889999,156.839996,153.759995,156.369995,146.279495,3435500
2015-01-30,155.550003,156.869995,151.529999,152.259995,142.434723,5318200
2015-02-02,153.410004,153.970001,149.399994,152.5,142.659241,3832500
2015-02-03,153.759995,153.759995,148.869995,152.229996,142.406662,4298400
2015-02-04,150.130005,153.149994,147.419998,151.449997,141.676956,5827100
2015-02-05,152.289993,153.899994,151.020004,153.360001,143.46373,3564400
2015-02-06,154.320007,154.759995,150.600006,151.399994,141.630234,3242700
2015-02-09,150.0,151.830002,149.199997,150.009995,140.329926,3236400
2015-02-10,150.5,152.630005,149.050003,152.570007,143.480331,4108600
2015-02-11,153.300003,155.240005,152.259995,153.110001,143.988144,3998700
2015-02-12,154.830002,154.830002,151.119995,153.179993,144.054001,2935800
2015-02-13,153.619995,153.809998,150.210007,153.479996,144.33609,3591400
2015-02-17,153.520004,154.850006,153.0,154.240005,145.050827,3895600
2015-02-18,154.220001,156.229996,153.639999,155.779999,146.499084,3297900
2015-02-19,155.970001,156.419998,155.039993,156.050003,146.753006,3913900
2015-02-20,156.429993,157.75,155.059998,157.660004,148.26709,4411100
2015-02-23,158.070007,159.199997,157.809998,158.419998,148.981812,3094300
2015-02-24,159.0,159.110001,156.25,157.369995,147.994339,2060500
2015-02-25,157.759995,158.779999,155.740005,158.080002,148.662064,3262800
2015-02-26,158.479996,159.399994,156.0,158.970001,149.499023,3379800
2015-02-27,159.100006,159.240005,157.199997,157.720001,148.323502,2472000
2015-03-02,159.289993,159.899994,157.619995,159.630005,150.11969,3483500
2015-03-03,159.399994,159.399994,157.509995,158.559998,149.113449,2334900
2015-03-04,158.050003,159.740005,156.809998,159.190002,149.705933,3098600
2015-03-05,160.0,161.479996,158.860001,159.600006,150.091522,2470900
2015-03-06,158.5,159.919998,154.0,154.880005,145.652695,4091400
2015-03-09,154.850006,155.740005,152.779999,155.009995,145.774963,2135000
2015-03-10,152.869995,155.630005,152.289993,153.580002,144.430145,3509600
2015-03-11,154.119995,154.270004,152.419998,152.699997,143.60257,2487100
2015-03-12,154.259995,154.770004,152.949997,154.25,145.060242,1889400
2015-03-13,153.279999,154.75,152.580002,154.259995,145.069641,2737900
2015-03-16,157.729996,163.199997,156.740005,163.029999,153.317154,5201600
2015-03-17,162.25,163.759995,161.740005,163.070007,153.354767,2620800
2015-03-18,162.970001,167.600006,161.830002,166.539993,156.618027,3690100
2015-03-19,167.669998,169.220001,166.970001,169.110001,159.034927,3756600
2015-03-20,170.399994,172.360001,168.509995,170.100006,159.965942,9040600
2015-03-23,168.899994,169.210007,165.699997,166.539993,156.618027,3879900
2015-03-24,166.059998,168.25,165.399994,166.009995,156.119598,2555600
2015-03-25,166.0,166.789993,160.570007,160.619995,151.050735,4010100
2015-03-26,158.839996,162.690002,157.360001,160.550003,150.984909,3146500
2015-03-27,161.259995,163.449997,161.0,162.589996,152.903366,2438900
2015-03-30,164.509995,165.820007,163.050003,164.309998,154.520889,2388100
2015-03-31,163.320007,164.089996,159.720001,159.850006,150.32663,3111000
2015-04-01,159.369995,159.389999,154.639999,157.100006,147.740448,5135000
2015-04-02,157.119995,158.179993,155.029999,155.880005,146.593124,3015200
2015-04-06,154.800003,157.270004,154.600006,155.279999,146.028885,3185700
2015-04-07,155.619995,159.470001,155.279999,157.279999,147.909744,2942600
2015-04-08,157.679993,160.990005,157.660004,160.330002,150.777985,3031200
2015-04-09,161.229996,161.800003,159.070007,161.490005,151.868912,2860600
2015-04-10,161.589996,163.690002,160.309998,163.380005,153.646286,2407200
2015-04-13,162.820007,164.720001,162.339996,162.490005,152.809326,1767700
2015-04-14,162.5,163.470001,160.559998,162.570007,152.884567,2099400
2015-04-15,163.119995,165.910004,162.860001,165.470001,155.611786,3659300
2015-04-16,166.399994,167.639999,165.070007,166.869995,156.928375,3085600
2015-04-17,165.0,165.5,161.720001,163.580002,153.834381,4249700
2015-04-20,164.639999,166.050003,163.059998,165.970001,156.081985,2760900
2015-04-21,167.089996,168.880005,167.070007,168.460007,158.42366,3794800
2015-04-22,173.039993,173.600006,167.009995,169.100006,159.025513,5352200
2015-04-23,167.940002,169.550003,166.580002,169.169998,159.091354,3668100
2015-04-24,168.149994,169.25,166.059998,167.910004,157.906433,2548300
2015-04-27,168.490005,168.720001,161.550003,162.380005,152.705856,4386200
2015-04-28,162.149994,165.300003,160.630005,162.490005,152.809326,4262800
2015-04-29,161.279999,163.460007,159.529999,160.979996,151.389297,3281800
2015-04-30,159.839996,161.710007,156.470001,157.910004,148.502213,4444300
2015-05-01,159.5,161.690002,158.649994,160.360001,150.806244,3259800
2015-05-04,161.5,163.960007,161.449997,162.110001,152.451965,3496200
2015-05-05,161.309998,162.190002,159.240005,159.440002,149.94104,3086000
2015-05-06,160.0,160.389999,156.649994,158.949997,149.48024,3762700
2015-05-07,159.240005,159.820007,157.199997,157.899994,148.492767,4374000
2015-05-08,159.779999,162.860001,159.130005,162.339996,152.668259,4664200
2015-05-11,162.309998,162.990005,161.0,161.050003,151.455109,2723800
2015-05-12,159.0,159.259995,155.710007,158.240005,149.546112,4359700
2015-05-13,159.740005,161.240005,157.649994,158.389999,149.687851,2727000
2015-05-14,159.899994,162.160004,158.190002,161.979996,153.080612,2717500
2015-05-15,163.270004,163.630005,161.679993,162.360001,153.439743,2384600
2015-05-18,161.699997,163.899994,161.270004,163.440002,154.460403,2153900
2015-05-19,163.860001,164.119995,162.460007,163.559998,154.573792,1746600
2015-05-20,163.970001,165.589996,162.399994,163.979996,154.970718,2027300
2015-05-21,163.520004,164.729996,162.820007,163.839996,154.838425,2156600
2015-05-22,163.580002,164.570007,163.029999,163.580002,154.592712,1636000
2015-05-26,160.649994,162.460007,158.0,159.009995,150.273788,4078300
2015-05-27,159.960007,161.0,159.279999,160.440002,151.625229,3336300
2015-05-28,159.600006,159.600006,155.830002,157.350006,148.704971,4205300
2015-05-29,156.789993,157.970001,155.580002,156.259995,147.674866,4414300
2015-06-01,157.589996,158.0,155.5,157.029999,148.402588,2849800
2015-06-02,156.880005,157.970001,154.800003,156.440002,147.844986,2497200
2015-06-03,157.449997,157.860001,156.399994,157.130005,148.49707,2160500
2015-06-04,156.600006,158.470001,156.300003,158.089996,149.404343,3917700
2015-06-05,158.5,159.399994,156.029999,157.25,148.610474,3431100
2015-06-08,157.300003,158.470001,155.630005,156.470001,147.873352,2081700
2015-06-09,156.550003,157.110001,153.910004,154.800003,146.29509,2766000
2015-06-10,153.399994,155.880005,150.850006,155.550003,147.003891,5972800
2015-06-11,157.910004,158.970001,156.440002,157.960007,149.281479,3633400
2015-06-12,157.229996,157.740005,155.009995,156.119995,147.542572,2398100
2015-06-15,154.75,156.369995,153.570007,156.100006,147.523697,2585200
2015-06-16,155.809998,156.809998,155.089996,156.229996,147.6465,1723300
2015-06-17,156.860001,156.979996,154.880005,155.649994,147.098358,3008600
2015-06-18,156.330002,160.770004,156.309998,160.119995,151.322784,3454500
2015-06-19,160.130005,162.229996,159.770004,160.720001,151.889832,5182000
2015-06-22,161.619995,163.259995,161.449997,162.220001,153.307449,1926600
2015-06-23,163.449997,163.5,161.039993,161.690002,152.806564,2451800
2015-06-24,161.529999,161.839996,159.279999,159.889999,151.105438,2522600
2015-06-25,160.820007,160.839996,158.020004,158.759995,150.037521,2411400
2015-06-26,159.410004,159.789993,157.229996,158.020004,149.338181,3537900
2015-06-29,156.630005,157.960007,151.429993,151.600006,143.270905,4784800
2015-06-30,153.240005,154.220001,151.509995,153.520004,145.085434,3893300
2015-07-01,154.940002,155.75,153.429993,154.990005,146.474655,2299100
2015-07-02,155.149994,155.570007,153.009995,153.259995,144.839722,2119800
2015-07-06,152.139999,156.070007,151.889999,154.5,146.011581,2773500
2015-07-07,155.25,155.699997,152.179993,155.389999,146.852676,2253200
2015-07-08,154.110001,154.850006,151.929993,152.309998,143.941895,2393500
2015-07-09,152.440002,153.899994,151.039993,151.309998,142.996826,4078900
2015-07-10,153.990005,154.529999,152.490005,154.100006,145.63356,3976600
2015-07-13,155.279999,156.559998,154.919998,155.759995,147.202347,1803400
2015-07-14,156.339996,160.309998,155.759995,159.320007,150.566757,3624800
2015-07-15,160.460007,162.550003,159.580002,160.449997,151.634674,2618600
2015-07-16,161.729996,163.75,161.070007,163.039993,154.082352,2487500
2015-07-17,163.050003,163.5,160.600006,163.270004,154.299728,3248500
2015-07-20,163.559998,165.399994,162.889999,164.339996,155.310928,2692400
2015-07-21,164.720001,165.320007,162.369995,163.699997,154.706116,2690000
2015-07-22,161.470001,164.679993,161.470001,164.25,155.225876,2106900
2015-07-23,165.0,165.119995,162.789993,164.100006,155.084137,1716300
2015-07-24,162.110001,163.729996,157.210007,158.589996,149.876846,4410700
2015-07-27,159.369995,165.940002,159.160004,165.539993,156.445007,5757200
2015-07-28,166.119995,174.800003,166.119995,172.740005,163.249466,8553600
2015-07-29,172.919998,173.679993,169.119995,171.470001,162.04921,5112300
2015-07-30,170.089996,172.479996,168.210007,171.690002,162.257141,4044100
2015-07-31,177.5,181.809998,176.0,176.589996,166.887894,7289400
2015-08-03,176.800003,177.050003,174.020004,175.589996,165.942871,2922600
2015-08-04,175.789993,176.220001,173.619995,174.800003,165.196274,2474200
2015-08-05,175.529999,177.520004,175.380005,176.440002,166.746155,2146700
2015-08-06,176.940002,176.960007,168.25,169.660004,160.338654,3775400
2015-08-07,169.669998,172.470001,166.399994,172.309998,162.843048,4156000
2015-08-10,172.899994,174.690002,170.449997,170.600006,161.22702,2729600
2015-08-11,169.669998,169.729996,166.889999,168.559998,159.299072,2924900
2015-08-12,167.690002,171.190002,164.619995,170.619995,161.245895,4486400
2015-08-13,170.5,170.990005,168.029999,168.580002,160.059097,1897000
2015-08-14,168.089996,169.630005,166.660004,167.720001,159.242569,2704500
2015-08-17,167.050003,169.889999,166.0,169.789993,161.207947,1988800
2015-08-18,170.009995,170.240005,167.100006,167.720001,159.242569,2273400
2015-08-19,166.820007,167.720001,164.449997,166.570007,158.150711,3062300
2015-08-20,164.330002,165.5,161.029999,161.149994,153.004608,3491800
2015-08-21,158.970001,163.919998,155.190002,155.190002,147.345886,6208400
2015-08-24,145.330002,154.419998,140.0,147.639999,140.177536,8697500
2015-08-25,152.5,153.880005,144.880005,145.190002,137.851364,6701100
2015-08-26,151.229996,154.110001,147.130005,153.979996,146.197052,5251300
2015-08-27,154.880005,157.100006,151.360001,155.720001,147.849106,4910500
2015-08-28,156.380005,158.0,153.710007,155.889999,148.010513,4649300
2015-08-31,155.330002,156.350006,151.300003,151.779999,144.108261,4354500
2015-09-01,149.229996,150.990005,146.949997,147.460007,140.006622,5523000
2015-09-02,149.070007,152.350006,147.25,152.289993,144.592499,4339100
2015-09-03,152.679993,154.119995,148.929993,149.229996,141.687149,2868400
2015-09-04,147.490005,148.960007,145.75,147.020004,139.588821,3362800
2015-09-08,151.600006,154.660004,151.0,154.559998,146.747757,4508400
2015-09-09,156.190002,156.759995,150.619995,151.080002,143.443665,2987600
2015-09-10,150.839996,154.320007,150.559998,153.139999,145.399521,3477900
2015-09-11,152.050003,153.449997,150.929993,153.210007,145.466003,2422700
2015-09-14,153.889999,153.889999,150.050003,151.0,143.367676,2896200
2015-09-15,152.020004,152.789993,150.240005,152.139999,144.450043,2560200
2015-09-16,151.970001,152.880005,148.470001,151.179993,143.538574,4004200
2015-09-17,151.699997,156.339996,151.0,153.910004,146.130569,3519500
2015-09-18,151.119995,153.369995,149.029999,150.589996,142.978409,6487300
2015-09-21,151.970001,152.800003,146.320007,147.089996,139.655304,4702600
2015-09-22,145.0,146.779999,142.820007,145.929993,138.55394,4518000
2015-09-23,146.080002,147.039993,144.029999,145.720001,138.354538,2785400
2015-09-24,144.720001,145.630005,141.360001,143.509995,136.256256,3519200
2015-09-25,146.059998,146.75,136.759995,138.529999,131.527969,5243700
2015-09-28,137.990005,138.190002,130.089996,132.240005,125.555923,7514700
2015-09-29,132.0,138.0,131.429993,133.820007,127.056061,6251500
2015-09-30,136.660004,139.25,135.860001,138.320007,131.328583,6209500
2015-10-01,138.550003,140.639999,136.600006,140.229996,133.142044,4675900
2015-10-02,138.259995,142.539993,135.639999,142.470001,135.268829,4803500
2015-10-05,144.0,144.910004,142.220001,143.800003,136.531616,4367100
2015-10-06,142.119995,143.369995,138.059998,141.220001,134.082001,4759700
2015-10-07,142.649994,148.309998,140.240005,148.050003,140.566772,8002400
2015-10-08,147.679993,150.990005,145.029999,149.899994,142.323273,6638500
2015-10-09,149.25,150.75,148.009995,149.589996,142.028961,3080900
2015-10-12,152.779999,155.119995,151.630005,153.029999,145.295074,5473000
2015-10-13,151.539993,152.979996,147.440002,147.580002,140.120544,4143900
2015-10-14,148.380005,150.929993,147.130005,147.809998,140.338913,3197400
2015-10-15,147.449997,152.779999,146.970001,152.539993,144.829834,3269600
2015-10-16,153.190002,154.119995,150.580002,152.610001,144.896317,4793100
2015-10-19,152.610001,156.139999,152.460007,154.470001,146.662262,3271700
2015-10-20,154.190002,155.0,149.470001,150.449997,142.845474,3351200
2015-10-21,152.369995,152.75,147.300003,150.089996,142.503662,3832600
2015-10-22,152.100006,152.940002,148.570007,152.309998,144.611465,4079800
2015-10-23,153.610001,156.199997,151.860001,155.75,147.877594,3657300
2015-10-26,156.0,159.910004,154.649994,158.580002,150.564545,4346600
2015-10-27,158.580002,162.119995,157.830002,161.979996,153.792679,3877200
2015-10-28,162.720001,162.869995,158.729996,162.669998,154.447815,4878900
2015-10-29,164.990005,165.0,158.940002,160.580002,152.463455,4870200
2015-10-30,161.059998,162.0,158.130005,158.179993,150.184769,4589700
2015-11-02,159.009995,162.75,158.369995,162.309998,154.106033,3222500
2015-11-03,160.970001,163.149994,160.5,162.460007,154.248413,2411500
2015-11-04,162.850006,163.990005,160.770004,161.880005,153.697769,3059500
2015-11-05,162.199997,162.479996,158.820007,161.220001,153.071121,2202400
2015-11-06,160.869995,160.869995,156.839996,160.460007,152.349548,3344000
2015-11-09,159.75,160.610001,158.320007,159.630005,151.561493,2722200
2015-11-10,160.25,161.169998,158.050003,158.369995,150.365158,2871300
2015-11-11,159.259995,159.570007,156.759995,156.860001,148.931458,1920400
2015-11-12,155.940002,157.699997,150.820007,150.979996,144.07431,4767200
2015-11-13,150.679993,153.520004,148.0,151.550003,144.61824,3855000
2015-11-16,152.020004,154.779999,151.100006,154.5,147.433289,2443200
2015-11-17,154.910004,159.130005,153.699997,157.600006,150.391541,3644300
2015-11-18,158.110001,161.119995,156.350006,160.919998,153.559662,2975800
2015-11-19,159.889999,161.520004,158.830002,159.490005,152.195038,2041000
2015-11-20,160.740005,161.339996,159.550003,159.910004,152.595856,2728000
2015-11-23,159.630005,163.130005,159.630005,162.470001,155.038773,4168400
2015-11-24,161.009995,163.339996,161.0,162.779999,155.334564,3687000
2015-11-25,163.050003,164.589996,162.710007,163.949997,156.45108,2134200
2015-11-27,164.759995,165.0,163.139999,163.520004,156.040726,1052400
2015-11-30,163.490005,164.0,160.360001,161.100006,153.731445,2982600
2015-12-01,162.710007,163.429993,160.520004,161.979996,154.571152,2429000
2015-12-02,161.619995,162.389999,160.100006,160.520004,153.177948,2871600
2015-12-03,160.270004,160.520004,153.710007,154.649994,147.576416,4468600
2015-12-04,154.960007,161.949997,154.949997,161.429993,154.046326,3920900
2015-12-07,162.910004,162.970001,157.539993,158.300003,151.059509,3566700
2015-12-08,156.610001,160.669998,156.039993,159.350006,152.061493,2249200
2015-12-09,158.350006,159.809998,156.119995,157.889999,150.668228,2995600
2015-12-10,158.970001,160.850006,157.0,159.669998,152.366837,2808200
2015-12-11,157.820007,158.779999,154.789993,155.149994,148.053558,3005700
2015-12-14,155.979996,158.339996,153.429993,158.110001,150.878204,2780600
2015-12-15,161.649994,164.449997,161.559998,162.619995,155.1819,5365600
2015-12-16,164.309998,165.229996,162.100006,164.580002,157.052261,3923600
2015-12-17,164.580002,164.990005,159.809998,161.429993,154.046326,3699400
2015-12-18,160.5,161.820007,158.619995,158.800003,151.536606,6227000
2015-12-21,159.880005,160.380005,157.380005,159.279999,151.994659,3818900
2015-12-22,160.5,163.369995,160.039993,162.300003,154.876511,3125500
2015-12-23,163.029999,163.5,161.649994,162.720001,155.277298,2202100
2015-12-24,163.699997,164.360001,162.220001,163.550003,156.069351,943000
2015-12-28,162.910004,163.130005,160.600006,161.729996,154.332596,1513000
2015-12-29,162.919998,164.960007,162.050003,164.440002,156.91864,2171100
2015-12-30,164.630005,164.75,162.910004,163.289993,155.821228,1493000
2015-12-31,162.149994,164.110001,162.050003,162.330002,154.905151,1751700
