2014-01-02,90.410004,90.449997,89.330002,89.870003,79.13163,4898000
2014-01-03,90.0,90.25,89.589996,89.82,79.087608,3722000
2014-01-06,90.190002,90.300003,88.379997,88.639999,78.048599,5233900
2014-01-07,88.769997,89.230003,88.75,88.93,78.30394,3512100
2014-01-08,88.779999,89.82,88.669998,89.139999,78.488853,4421600
2014-01-09,89.260002,89.800003,88.690002,89.709999,78.990746,4466400
2014-01-10,89.410004,90.599998,89.290001,90.510002,79.695168,5416000
2014-01-13,90.260002,91.260002,89.82,89.889999,79.149239,5213600
2014-01-14,89.860001,90.709999,89.860001,90.559998,79.739182,3712100
2014-01-15,90.879997,93.199997,90.879997,92.410004,81.368134,10121900
2014-01-16,91.889999,92.860001,91.699997,92.010002,81.545387,4771000
2014-01-17,92.150002,92.260002,91.010002,91.440002,81.040215,6833400
2014-01-21,91.599998,91.849998,89.639999,90.599998,80.295746,5544900
2014-01-22,90.589996,90.82,89.349998,89.639999,79.444939,4787300
2014-01-23,88.699997,89.080002,88.050003,88.480003,78.41687,5014800
2014-01-24,87.980003,87.989998,85.879997,86.169998,76.369576,8087400
2014-01-27,91.769997,92.309998,89.07,91.290001,80.907265,22202300
2014-01-28,91.400002,92.669998,91.349998,92.470001,81.953072,9409600
2014-01-29,91.309998,91.959999,90.290001,90.620003,80.313477,8145900
2014-01-30,91.529999,93.849998,90.730003,93.199997,82.600021,14764700
2014-01-31,92.160004,94.690002,92.010002,93.910004,83.229294,9697300
2014-02-03,93.739998,93.940002,91.949997,92.419998,81.908737,9084100
2014-02-04,92.480003,92.650002,91.489998,92.5,81.979652,6839700
2014-02-05,92.239998,92.510002,91.059998,91.959999,81.501068,5134500
2014-02-06,91.940002,94.230003,91.790001,93.830002,83.158394,6844200
2014-02-07,94.169998,95.239998,93.879997,94.870003,84.080109,9140200
2014-02-10,94.970001,94.980003,93.629997,94.5,83.752182,5933400
2014-02-11,94.620003,95.339996,94.279999,94.959999,84.159874,6006100
2014-02-12,95.309998,96.639999,95.169998,96.169998,85.232246,8002000
2014-02-13,95.290001,96.410004,95.110001,96.110001,85.179077,4387000
2014-02-14,95.860001,96.68,95.839996,96.550003,85.569031,4145300
2014-02-18,95.849998,96.940002,95.849998,96.559998,85.577896,4871700
2014-02-19,96.190002,97.669998,96.110001,96.209999,85.267693,5865200
2014-02-20,96.510002,97.519997,95.300003,96.919998,85.896942,7718400
2014-02-21,97.110001,97.949997,96.919998,97.5,86.41098,5554600
2014-02-24,97.550003,98.239998,97.18,97.32,86.251457,4887800
2014-02-25,96.839996,96.980003,95.82,96.410004,85.444962,5989200
2014-02-26,96.660004,97.910004,96.339996,97.199997,86.145088,4753900
2014-02-27,97.209999,97.639999,96.519997,96.699997,85.701965,4337700
2014-02-28,96.629997,97.519997,96.300003,96.970001,85.941261,5411100
2014-03-03,96.32,96.669998,95.599998,96.309998,85.356331,4859200
2014-03-04,97.199997,97.459999,96.559998,97.019997,85.985565,6261300
2014-03-05,96.540001,96.900002,95.879997,96.370003,85.409508,5384800
2014-03-06,96.949997,98.150002,96.660004,97.599998,86.499596,6714300
2014-03-07,97.779999,97.870003,96.5,97.050003,86.012169,5259200
2014-03-10,96.639999,96.800003,95.860001,96.75,85.746292,4640300
2014-03-11,97.089996,97.910004,96.620003,96.839996,85.82605,5731200
2014-03-12,96.300003,97.239998,96.300003,96.82,85.808311,4448600
2014-03-13,97.199997,97.730003,95.059998,95.610001,84.735947,8434600
2014-03-14,95.449997,96.25,95.199997,95.389999,84.540962,5002000
2014-03-17,95.989998,96.449997,95.550003,95.669998,84.789131,4697200
2014-03-18,96.120003,96.650002,95.699997,96.410004,85.444962,4921300
2014-03-19,96.089996,96.720001,95.25,96.040001,85.117043,5109200
2014-03-20,95.709999,96.239998,95.099998,96.209999,85.267693,4396000
2014-03-21,97.07,97.629997,96.669998,97.389999,86.313492,8339700
2014-03-24,97.599998,97.599998,96.419998,96.849998,85.834915,4808600
2014-03-25,97.360001,99.339996,97.150002,98.589996,87.377014,9070400
2014-03-26,99.279999,99.599998,97.800003,97.800003,86.676865,5610200
2014-03-27,97.82,98.889999,97.290001,98.449997,87.252922,4947700
2014-03-28,98.910004,99.620003,98.779999,99.389999,88.086021,5821500
2014-03-31,100.0,100.629997,99.050003,99.370003,88.068306,5772600
2014-04-01,98.940002,100.080002,98.940002,99.809998,88.45826,4814300
2014-04-02,100.040001,102.760002,99.879997,102.629997,90.957542,9358300
2014-04-03,101.919998,103.199997,101.610001,102.550003,90.886635,8230200
2014-04-04,102.889999,103.379997,101.910004,102.169998,90.54985,4889200
2014-04-07,101.610001,102.07,100.410004,101.110001,89.610405,5215100
2014-04-08,100.980003,103.25,100.959999,102.389999,90.74482,6626900
2014-04-09,102.650002,103.199997,101.849998,102.989998,91.276573,4062000
2014-04-10,102.910004,103.720001,101.989998,102.260002,90.629631,4538900
2014-04-11,101.099998,102.099998,100.970001,101.449997,89.911736,5363900
2014-04-14,102.18,102.830002,100.949997,102.779999,91.090477,4114100
2014-04-15,102.629997,103.089996,101.260002,102.5,90.842316,6317900
2014-04-16,102.620003,103.150002,102.209999,102.93,91.760551,3801400
2014-04-17,103.050003,103.440002,102.599998,102.830002,91.671402,3556800
2014-04-21,102.900002,102.980003,101.550003,102.639999,91.502014,3821400
2014-04-22,102.779999,104.139999,102.760002,103.690002,92.438065,4528500
2014-04-23,103.559998,104.620003,103.18,103.379997,92.161705,6427400
2014-04-24,106.019997,107.400002,104.790001,105.279999,93.85553,8849200
2014-04-25,105.029999,105.279999,103.290001,104.690002,93.329552,5731800
2014-04-28,104.989998,105.419998,103.25,104.260002,92.94622,4036200
2014-04-29,104.790001,105.5,103.830002,105.300003,93.873367,4975800
2014-04-30,105.230003,106.239998,104.989998,105.400002,93.962517,5199300
2014-05-01,105.199997,105.790001,104.629997,105.07,93.668335,2970800
2014-05-02,104.93,105.580002,104.730003,105.010002,93.614838,2677000
2014-05-05,104.660004,104.800003,103.809998,104.519997,93.178009,3166400
2014-05-06,104.209999,104.470001,103.599998,103.870003,92.598549,2836300
2014-05-07,104.099998,104.660004,103.43,104.620003,93.267166,3399800
2014-05-08,104.550003,105.019997,104.150002,104.940002,93.552429,3118400
2014-05-09,104.959999,105.300003,104.300003,105.059998,93.659401,2761800
2014-05-12,105.709999,106.5,105.650002,106.199997,94.675705,3664200
2014-05-13,106.5,108.209999,105.82,107.150002,95.522606,3951500
2014-05-14,106.849998,107.040001,106.300003,106.529999,94.969894,3082300
2014-05-15,106.489998,106.739998,104.040001,104.989998,93.597,5151000
2014-05-16,105.050003,106.050003,104.169998,106.029999,94.524147,4403300
2014-05-19,105.419998,105.529999,104.720001,105.389999,93.953598,3924300
2014-05-20,104.790001,104.809998,100.720001,101.559998,90.539207,9277600
2014-05-21,101.480003,103.0,101.480003,102.879997,91.715973,5460200
2014-05-22,102.900002,103.879997,102.510002,103.080002,91.894279,3112300
2014-05-23,103.150002,104.150002,103.150002,104.029999,92.74118,2888600
2014-05-27,104.199997,104.480003,103.459999,103.68,92.429153,3443400
2014-05-28,103.529999,103.860001,102.849998,102.910004,91.742706,3353300
2014-05-29,103.279999,103.669998,102.559998,103.599998,92.357841,3071200
2014-05-30,102.900002,102.980003,101.550003,102.230003,91.136497,5939300
2014-06-02,102.419998,103.940002,102.010002,103.760002,92.500488,3747000
2014-06-03,103.419998,104.57,103.050003,104.489998,93.15126,3643600
2014-06-04,104.419998,105.099998,104.07,104.309998,92.990799,2879900
2014-06-05,104.800003,107.120003,104.769997,106.959999,95.353233,5389200
2014-06-06,107.080002,108.360001,106.980003,108.18,96.440849,4299600
2014-06-09,107.739998,109.300003,107.660004,108.75,96.94899,3900400
2014-06-10,108.5,109.5,108.400002,109.309998,97.448219,4752700
2014-06-11,108.93,108.980003,108.330002,108.690002,96.895493,2738800
2014-06-12,108.470001,108.5,106.440002,106.650002,95.076866,3408600
2014-06-13,106.550003,107.230003,106.07,106.769997,95.183838,2009100
2014-06-16,106.5,106.879997,105.730003,106.809998,95.219505,2137200
2014-06-17,106.510002,107.0,106.0,106.669998,95.094704,2138400
2014-06-18,106.629997,107.599998,106.050003,107.480003,95.816795,2218700
2014-06-19,106.989998,107.419998,106.690002,107.25,95.611778,2592400
2014-06-20,108.050003,109.529999,107.639999,109.379997,97.510628,7762900
2014-06-23,109.25,109.849998,108.290001,108.779999,96.975716,2839500
2014-06-24,108.559998,109.339996,107.0,107.809998,96.110992,2864200
2014-06-25,107.480003,108.879997,107.349998,108.440002,96.672623,2176200
2014-06-26,108.550003,108.800003,107.849998,108.519997,96.743942,1522900
2014-06-27,108.339996,108.879997,107.730003,108.779999,96.975716,3632100
2014-06-30,108.68,109.029999,107.970001,108.669998,96.877663,2249200
2014-07-01,109.080002,109.75,109.010002,109.169998,97.32341,2346300
2014-07-02,109.32,109.949997,109.300003,109.559998,97.671082,1849000
2014-07-03,109.900002,111.160004,109.690002,111.080002,99.026154,2876200
2014-07-07,110.18,110.449997,109.57,110.160004,98.205994,2697100
2014-07-08,110.209999,110.379997,109.400002,109.459999,97.58194,2450600
2014-07-09,109.790001,110.290001,109.419998,110.139999,98.188156,2270600
2014-07-10,108.139999,109.57,107.800003,109.360001,97.492798,2303600
2014-07-11,109.5,109.989998,108.650002,109.959999,98.027679,1992300
2014-07-14,110.43,111.040001,110.089996,110.089996,98.143585,2375100
2014-07-15,110.25,110.419998,109.400002,109.849998,97.929619,3212900
2014-07-16,110.18,111.459999,109.919998,111.400002,99.31144,3974100
2014-07-17,110.400002,110.669998,108.93,109.07,97.849106,3164700
2014-07-18,109.43,110.169998,109.050003,110.169998,98.835938,2424900
2014-07-21,110.0,110.550003,109.449997,110.230003,98.889786,2075900
2014-07-22,110.839996,111.279999,109.800003,110.059998,98.737259,2879400
2014-07-23,109.790001,109.980003,108.209999,108.379997,97.230103,4471400
2014-07-24,105.599998,106.230003,104.089996,105.040001,94.233711,8690300
2014-07-25,104.139999,105.349998,104.099998,104.849998,94.063255,4126200
2014-07-28,104.779999,104.900002,103.169998,104.150002,93.43528,4474300
2014-07-29,105.0,106.440002,104.690002,104.690002,93.919724,7947100
2014-07-30,105.080002,105.32,103.029999,103.379997,92.744492,5856900
2014-07-31,102.239998,102.690002,100.739998,100.75,90.385056,6711400
2014-08-01,100.519997,100.849998,99.110001,100.519997,90.178719,6011900
2014-08-04,100.360001,102.050003,100.099998,101.809998,91.336006,5183900
2014-08-05,101.110001,102.470001,100.940002,101.5,91.057907,5685400
2014-08-06,100.760002,101.849998,100.610001,101.489998,91.048927,5526900
2014-08-07,102.660004,103.470001,101.879997,101.940002,91.452652,5752800
2014-08-08,102.010002,103.440002,101.779999,103.279999,92.654778,4690200
2014-08-11,104.610001,104.849998,103.93,104.5,93.74926,5197900
2014-08-12,104.589996,105.160004,104.129997,104.330002,93.596748,4200900
2014-08-13,104.330002,105.5,104.330002,105.160004,94.34137,4664900
2014-08-14,105.510002,106.0,104.989998,105.660004,94.789925,4178800
2014-08-15,106.010002,106.419998,105.129997,105.739998,94.861687,4099200
2014-08-18,106.690002,107.099998,106.279999,106.980003,95.974129,3478600
2014-08-19,107.260002,107.699997,106.870003,107.300003,96.2612,3639200
2014-08-20,107.389999,108.150002,107.199997,107.699997,96.620056,5341600
2014-08-21,108.169998,108.57,107.540001,107.970001,96.862274,4118100
2014-08-22,107.580002,107.82,106.540001,107.309998,96.270172,4603700
2014-08-25,107.959999,108.330002,107.730003,107.970001,96.862274,3014100
2014-08-26,108.050003,108.639999,107.980003,108.059998,96.943008,2865800
2014-08-27,108.129997,108.919998,108.080002,108.550003,97.382614,3281900
2014-08-28,108.019997,108.82,107.800003,108.650002,97.472328,3227800
2014-08-29,108.900002,109.099998,108.25,109.07,97.849106,4437200
2014-09-02,109.029999,109.730003,108.830002,108.919998,97.714546,4040200
2014-09-03,109.449997,109.660004,108.050003,108.459999,97.301872,4669000
2014-09-04,108.300003,109.489998,108.160004,108.82,97.624832,4604000
2014-09-05,109.0,109.18,108.190002,108.540001,97.373634,4305000
2014-09-08,108.230003,108.459999,107.519997,107.910004,96.808464,3496900
2014-09-09,107.82,108.199997,107.190002,107.400002,96.350914,3578500
2014-09-10,105.610001,106.120003,105.379997,105.93,95.032143,8154700
2014-09-11,105.660004,105.660004,104.589996,105.589996,94.727127,5460100
2014-09-12,104.970001,105.089996,104.400002,105.019997,94.215775,6904200
2014-09-15,104.32,104.900002,103.220001,104.860001,94.072227,7051900
2014-09-16,104.209999,105.830002,103.769997,104.860001,94.072227,5289700
2014-09-17,105.18,105.410004,103.879997,103.989998,93.291733,5122200
2014-09-18,104.300003,104.550003,103.400002,104.339996,93.605721,3915800
2014-09-19,104.849998,105.0,102.080002,102.510002,91.963989,8285400
2014-09-22,102.099998,102.260002,100.82,100.900002,90.51963,5093200
2014-09-23,100.860001,101.089996,99.879997,99.989998,89.703247,5710300
2014-09-24,100.040001,101.489998,99.889999,101.199997,90.788765,5797000
2014-09-25,101.0,101.199997,99.190002,99.510002,89.272621,4960800
2014-09-26,99.440002,100.639999,99.239998,100.379997,90.053116,2935900
2014-09-29,99.349998,100.099998,98.260002,99.830002,89.559708,3156400
2014-09-30,100.029999,100.099998,98.800003,99.029999,88.841995,3746100
2014-10-01,98.639999,99.0,97.269997,97.610001,87.568085,4827300
2014-10-02,97.650002,97.980003,96.150002,97.410004,87.388672,4460800
2014-10-03,98.040001,98.339996,97.029999,97.389999,87.370712,3921900
2014-10-06,97.809998,98.129997,96.910004,98.0,87.917969,3982400
2014-10-07,97.089996,97.510002,94.690002,94.699997,84.957466,6479500
2014-10-08,94.580002,96.860001,93.639999,96.650002,86.706863,6214200
2014-10-09,96.209999,96.519997,93.239998,93.5,83.880936,6414500
2014-10-10,93.239998,94.57,91.610001,93.129997,83.548981,6179100
2014-10-13,93.290001,94.059998,91.620003,91.68,82.248154,5852400
2014-10-14,92.510002,95.010002,92.389999,92.800003,83.252937,6791300
2014-10-15,91.43,92.75,90.050003,92.589996,83.064537,9377600
2014-10-16,90.269997,94.150002,90.269997,93.239998,84.284874,7439400
2014-10-17,94.199997,95.599998,93.980003,95.050003,85.921043,7442600
2014-10-20,94.529999,95.300003,93.269997,94.029999,84.999008,4270800
2014-10-21,95.040001,96.32,95.040001,95.889999,86.680359,3990500
2014-10-22,95.529999,95.980003,94.050003,94.57,85.487137,6211300
2014-10-23,97.599998,99.940002,97.339996,99.269997,89.73571,11670100
2014-10-24,99.510002,99.68,98.370003,99.440002,89.889412,4133800
2014-10-27,98.68,98.769997,97.150002,98.540001,89.075844,4346100
2014-10-28,99.440002,101.160004,99.029999,101.160004,91.444221,5069600
2014-10-29,101.529999,101.839996,99.839996,100.190002,90.567368,4426400
2014-10-30,99.629997,100.580002,99.059998,100.160004,90.54026,2650900
2014-10-31,101.349998,102.370003,100.839996,101.410004,91.670212,5367700
2014-11-03,101.610001,101.760002,99.769997,100.220001,90.59449,4434300
2014-11-04,99.75,100.0,98.040001,98.610001,89.13913,4849000
2014-11-05,99.449997,99.639999,98.449997,99.410004,89.862297,3515600
2014-11-06,99.510002,100.989998,99.239998,100.910004,91.218239,3427700
2014-11-07,101.260002,101.830002,100.900002,101.760002,91.98658,2708200
2014-11-10,101.860001,102.550003,101.860001,102.209999,92.393372,3308100
2014-11-11,102.309998,102.800003,101.599998,102.529999,92.682625,2464400
2014-11-12,102.169998,103.220001,101.519997,102.989998,93.098465,2808700
2014-11-13,103.059998,103.18,100.68,101.110001,91.399017,3924100
2014-11-14,101.0,101.699997,100.650002,101.339996,91.606911,2660500
2014-11-17,101.25,102.080002,100.449997,101.699997,91.93235,2477000
2014-11-18,101.699997,102.449997,101.309998,102.040001,92.239693,2761200
2014-11-19,101.860001,102.300003,100.889999,101.300003,91.570763,4679100
2014-11-20,100.330002,102.139999,100.07,102.089996,92.284882,3052600
2014-11-21,104.300003,107.120003,104.199997,106.449997,96.226135,8738000
2014-11-24,106.400002,106.470001,105.099998,105.959999,95.783203,4108600
2014-11-25,106.099998,106.629997,105.330002,106.239998,96.036308,3321500
2014-11-26,106.290001,106.440002,105.449997,105.790001,95.629524,2463800
2014-11-28,104.389999,104.610001,100.120003,100.599998,90.937996,5780900
2014-12-01,100.239998,100.470001,97.790001,99.0,89.491676,7431800
2014-12-02,99.480003,99.959999,98.720001,99.510002,89.952682,3900400
2014-12-03,100.040001,101.459999,99.959999,100.18,90.558342,6930700
2014-12-04,99.690002,100.870003,99.510002,99.669998,90.097321,3390100
2014-12-05,99.809998,99.959999,98.709999,98.779999,89.292793,3605000
2014-12-08,98.660004,98.760002,95.199997,95.25,86.101822,7192100
2014-12-09,94.169998,96.169998,93.800003,95.449997,86.282608,6562900
2014-12-10,94.910004,95.019997,92.75,93.019997,84.086006,6749600
2014-12-11,93.68,94.290001,92.529999,92.690002,83.787704,4664900
2014-12-12,92.0,92.0,89.959999,90.5,81.808037,10327200
2014-12-15,91.25,91.290001,89.389999,89.75,81.130066,6924100
2014-12-16,89.230003,92.25,89.150002,89.339996,80.759445,7649500
2014-12-17,89.400002,90.139999,88.029999,89.75,81.130066,8671600
2014-12-18,91.889999,91.889999,90.550003,91.690002,82.883736,8344400
2014-12-19,91.580002,91.980003,90.879997,91.709999,82.901817,9689200
2014-12-22,92.459999,92.809998,91.849998,92.32,83.453247,4577200
2014-12-23,92.989998,93.940002,92.650002,93.5,84.519905,3554200
2014-12-24,93.639999,93.980003,93.269997,93.720001,84.718765,1654200
2014-12-26,93.949997,94.660004,93.720001,94.230003,85.179802,3127800
2014-12-29,94.199997,94.279999,93.589996,93.709999,84.709732,2390500
2014-12-30,93.599998,93.629997,92.510002,92.589996,83.697296,3197400
2014-12-31,92.889999,93.57,91.449997,91.529999,82.73912,3251100
2015-01-02,91.769997,92.370003,90.660004,91.879997,83.055496,3767900
2015-01-05,90.349998,90.419998,86.599998,87.029999,78.671303,11301400
2015-01-06,87.279999,87.68,85.169998,86.470001,78.1651,8660600
2015-01-07,87.370003,88.139999,86.419998,87.809998,79.376396,6511100
2015-01-08,89.18,89.279999,87.839996,88.709999,80.189964,7617800
2015-01-09,88.760002,88.889999,87.019997,87.650002,79.231773,4857100
2015-01-12,87.730003,87.769997,86.07,86.889999,78.544762,4351600
2015-01-13,87.68,87.900002,85.199997,86.370003,78.074715,5078100
2015-01-14,84.889999,86.220001,84.269997,86.07,77.803505,10365200
2015-01-15,86.029999,86.169998,84.300003,84.32,76.846573,6683900
2015-01-16,84.239998,84.32,83.050003,83.860001,76.427345,10424800
2015-01-20,84.419998,84.5,83.190002,83.970001,76.527603,5937300
2015-01-21,83.589996,85.400002,83.589996,85.370003,77.803513,6613100
2015-01-22,86.050003,87.360001,85.43,86.82,79.124992,5567800
2015-01-23,86.790001,87.0,85.199997,85.610001,78.02224,5027500
2015-01-26,85.360001,86.260002,84.900002,86.029999,78.405022,8140500
2015-01-27,79.739998,81.349998,79.099998,79.849998,72.772758,27489500
2015-01-28,80.400002,81.199997,79.959999,80.010002,72.918587,14269300
2015-01-29,79.910004,80.18,78.809998,80.0,72.909477,9157000
2015-01-30,79.510002,80.82,79.419998,79.970001,72.882126,8150700
2015-02-02,80.080002,80.879997,79.489998,80.839996,73.675011,7149000
2015-02-03,81.220001,84.110001,81.150002,83.919998,76.482018,10895300
2015-02-04,82.779999,83.32,81.660004,81.949997,74.686615,8806500
2015-02-05,82.400002,83.629997,81.870003,83.57,76.163048,6640200
2015-02-06,83.599998,84.139999,82.800003,83.209999,75.834976,5581500
2015-02-09,83.050003,84.870003,82.949997,84.669998,77.16555,7693800
2015-02-10,85.0,85.0,83.459999,83.900002,76.463799,6569100
2015-02-11,83.559998,83.669998,82.239998,83.410004,76.017235,5722600
2015-02-12,84.080002,84.25,83.309998,83.529999,76.126595,4623000
2015-02-13,84.110001,85.489998,84.029999,85.129997,77.58477,5645500
2015-02-17,84.860001,85.580002,84.199997,85.379997,77.812614,3924400
2015-02-18,84.919998,85.809998,84.580002,84.800003,77.284035,3568600
2015-02-19,83.809998,84.0,82.209999,83.300003,75.916977,5733500
2015-02-20,83.300003,84.620003,82.400002,84.440002,76.955948,6029400
2015-02-23,83.900002,83.980003,83.139999,83.489998,76.090134,5180000
2015-02-24,83.769997,84.690002,83.599998,84.5,77.010628,3678700
2015-02-25,84.519997,85.360001,84.169998,85.150002,77.60302,3449500
2015-02-26,85.099998,85.099998,83.559998,83.800003,76.372673,4457000
2015-02-27,84.18,84.18,82.889999,82.900002,75.552437,4370500
2015-03-02,82.900002,83.07,82.239998,83.0,75.64357,4155000
2015-03-03,82.709999,83.790001,82.650002,82.839996,75.497742,4331700
2015-03-04,82.57,82.610001,80.830002,81.730003,74.486137,6863600
2015-03-05,81.730003,81.730003,80.059998,81.510002,74.285637,7123500
2015-03-06,80.370003,81.209999,79.550003,80.059998,72.964142,7913800
2015-03-09,80.169998,81.339996,80.099998,80.809998,73.647667,4740500
2015-03-10,80.019997,80.760002,79.739998,79.910004,72.827446,4850500
2015-03-11,80.150002,80.150002,79.260002,79.699997,72.636055,4612200
2015-03-12,80.269997,80.480003,79.800003,80.190002,73.082634,3612500
2015-03-13,79.900002,79.910004,78.190002,79.230003,72.207718,7272700
2015-03-16,79.57,80.0,79.059998,79.970001,72.882126,3598500
2015-03-17,79.349998,79.349998,78.25,78.449997,71.496834,6979900
2015-03-18,78.25,81.440002,78.25,81.330002,74.121597,12154300
2015-03-19,80.5,80.5,79.559998,80.089996,72.991493,5236200
2015-03-20,80.620003,81.25,80.190002,81.190002,73.994003,8216600
2015-03-23,81.190002,81.919998,81.019997,81.089996,73.902863,4704000
2015-03-24,81.150002,81.199997,80.199997,80.480003,73.346931,3978700
2015-03-25,81.029999,81.040001,79.830002,79.860001,72.781868,4803000
2015-03-26,79.639999,80.800003,79.510002,79.879997,72.800095,4238500
2015-03-27,79.459999,79.879997,78.760002,79.669998,72.608711,6336900
2015-03-30,80.010002,81.519997,80.0,81.370003,74.158043,4621200
2015-03-31,80.510002,80.650002,79.809998,80.029999,72.936798,4848600
2015-04-01,80.029999,80.519997,79.389999,79.639999,72.581375,4446200
2015-04-02,79.599998,80.5,79.400002,80.239998,73.128197,3555300
2015-04-06,80.349998,82.0,79.980003,81.489998,74.267403,4495400
2015-04-07,81.220001,81.43,80.5,80.540001,73.401596,3526300
2015-04-08,80.839996,81.239998,79.919998,80.440002,73.310471,4196200
2015-04-09,80.5,81.209999,80.279999,80.68,73.52919,4291900
2015-04-10,81.099998,82.800003,80.739998,82.599998,75.27903,6831900
2015-04-13,82.599998,82.610001,81.599998,82.139999,74.859795,5293900
2015-04-14,82.550003,83.239998,81.540001,83.0,75.64357,5898700
2015-04-15,83.290001,85.730003,83.0,85.160004,77.612137,9643800
2015-04-16,84.400002,84.900002,84.0,84.339996,77.501869,5692300
2015-04-17,83.5,83.589996,82.660004,83.279999,76.527794,5314000
2015-04-20,83.959999,84.75,83.879997,84.599998,77.740791,3914600
2015-04-21,84.660004,84.970001,83.610001,83.919998,77.115913,5620900
2015-04-22,84.129997,84.940002,83.089996,84.870003,77.988892,6520700
2015-04-23,86.849998,87.5,83.849998,84.790001,77.915382,18917600
2015-04-24,84.699997,85.169998,84.019997,84.599998,77.740791,5848100
2015-04-27,84.769997,85.940002,84.400002,85.330002,78.411591,5912000
2015-04-28,85.419998,86.220001,84.5,86.199997,79.21106,5736500
2015-04-29,85.690002,87.919998,85.459999,87.5,80.405647,7021800
2015-04-30,86.849998,87.300003,86.230003,86.879997,79.835922,5460100
2015-05-01,87.690002,88.279999,86.760002,87.370003,80.286194,4850100
2015-05-04,87.730003,87.959999,87.169998,87.300003,80.221863,2754500
2015-05-05,87.57,88.220001,86.699997,87.0,79.946198,4623700
2015-05-06,87.75,87.940002,86.419998,86.989998,79.937012,4464700
2015-05-07,86.650002,86.879997,85.889999,86.43,79.422401,3892800
2015-05-08,87.779999,87.839996,86.699997,87.309998,80.231056,3577100
2015-05-11,88.400002,89.440002,88.089996,88.769997,81.57267,6882600
2015-05-12,88.190002,88.339996,87.260002,88.160004,81.012154,4066400
2015-05-13,88.589996,89.07,88.209999,88.440002,81.26944,3178300
2015-05-14,88.779999,89.589996,88.650002,88.739998,81.545105,3228400
2015-05-15,88.5,88.559998,87.599998,88.43,81.260254,3205000
2015-05-18,88.389999,88.5,87.650002,88.290001,81.131599,3074400
2015-05-19,87.889999,87.910004,86.510002,87.239998,80.166725,5676800
2015-05-20,87.629997,88.129997,87.129997,87.93,80.800781,3841500
2015-05-21,88.230003,89.620003,87.940002,89.330002,82.08728,8155500
2015-05-22,89.18,89.5,88.629997,88.629997,81.444023,3483800
2015-05-26,88.129997,88.150002,87.290001,87.839996,80.718079,3149600
2015-05-27,87.989998,88.82,87.650002,87.919998,80.791588,4517100
2015-05-28,87.330002,87.449997,85.730003,86.010002,79.036461,5899100
2015-05-29,85.739998,86.330002,85.110001,85.32,78.402397,4685700
2015-06-01,86.059998,86.370003,84.699997,85.529999,78.595375,3976900
2015-06-02,85.209999,86.68,85.07,86.169998,79.183479,2817800
2015-06-03,86.599998,87.059998,85.809998,86.230003,79.238625,2835900
2015-06-04,85.5,86.400002,85.32,85.470001,78.540237,3775200
2015-06-05,85.010002,86.5,84.910004,86.050003,79.073219,3937600
2015-06-08,85.800003,86.480003,85.779999,86.150002,79.165108,3355800
2015-06-09,86.459999,87.620003,86.419998,86.730003,79.698082,3984900
2015-06-10,87.449997,88.709999,87.360001,88.480003,81.306198,4717100
2015-06-11,88.620003,88.760002,87.919998,88.169998,81.021324,2872900
2015-06-12,87.949997,88.410004,87.57,87.849998,80.727264,2212800
2015-06-15,87.139999,87.389999,86.349998,87.129997,80.065651,2721000
2015-06-16,86.790001,87.019997,86.239998,86.589996,79.569427,2895000
2015-06-17,86.889999,87.550003,86.32,87.25,80.175926,3402800
2015-06-18,86.830002,87.739998,86.830002,87.440002,80.35051,3372600
2015-06-19,87.269997,87.959999,87.150002,87.519997,80.424026,3910900
2015-06-22,87.970001,88.32,87.709999,88.269997,81.113228,3648600
2015-06-23,88.419998,88.620003,88.010002,88.449997,81.278618,2539000
2015-06-24,88.790001,88.809998,88.07,88.169998,81.021324,3413600
2015-06-25,88.220001,88.330002,86.660004,86.720001,79.688896,3239100
2015-06-26,86.5,86.949997,85.809998,86.82,79.780792,4387300
2015-06-29,86.220001,86.739998,85.099998,85.300003,78.384033,4747300
2015-06-30,86.089996,86.25,84.800003,84.82,77.94294,4077900
2015-07-01,85.389999,85.449997,83.540001,83.949997,77.143471,5296200
2015-07-02,84.529999,84.779999,83.849998,84.379997,77.538612,2582200
2015-07-06,83.650002,84.150002,82.730003,83.150002,76.40834,4896600
2015-07-07,82.989998,84.120003,81.849998,83.989998,77.180229,5192000
2015-07-08,83.050003,83.230003,81.760002,82.269997,75.599686,4325100
2015-07-09,83.43,83.699997,81.459999,81.690002,75.066719,4460700
2015-07-10,82.639999,82.910004,81.870003,82.150002,75.489418,3495000
2015-07-13,82.870003,84.029999,82.68,83.639999,76.858604,4228500
2015-07-14,83.529999,84.68,83.519997,84.459999,77.612137,3797700
2015-07-15,84.550003,84.860001,83.75,84.160004,77.336441,3661700
2015-07-16,84.75,84.889999,83.410004,83.760002,77.679588,3686000
2015-07-17,83.550003,83.650002,82.760002,83.160004,77.123138,2931500
2015-07-20,83.059998,83.290001,82.139999,82.25,76.279213,4291400
2015-07-21,81.800003,82.889999,81.25,82.220001,76.251389,4691900
2015-07-22,81.0,81.120003,79.150002,79.760002,73.969971,10180700
2015-07-23,77.699997,79.040001,76.650002,76.879997,71.299034,13909900
2015-07-24,76.910004,77.089996,75.849998,76.099998,70.575661,9175900
2015-07-27,75.18,75.720001,74.769997,75.32,69.85228,10269600
2015-07-28,75.919998,78.150002,75.790001,77.779999,72.133705,15699000
2015-07-29,77.300003,77.459999,76.510002,77.330002,71.716377,13794800
2015-07-30,76.980003,78.370003,76.68,78.349998,72.662331,7386200
2015-07-31,78.599998,79.040001,78.150002,78.629997,72.921997,6203600
2015-08-03,78.419998,78.43,76.75,77.260002,71.651451,6443300
2015-08-04,77.330002,77.860001,76.32,76.599998,71.039352,5822300
2015-08-05,77.5,77.919998,76.720001,76.879997,71.299034,4581900
2015-08-06,76.980003,77.650002,76.18,77.459999,71.836929,5609500
2015-08-07,77.519997,78.150002,76.940002,77.290001,71.679276,7851300
2015-08-10,78.040001,80.309998,77.900002,80.160004,74.340927,9041600
2015-08-11,78.730003,78.93,77.230003,78.040001,72.374825,8992500
2015-08-12,77.309998,79.120003,76.919998,78.919998,73.190933,7236800
2015-08-13,78.550003,78.580002,77.699997,77.760002,72.115158,5662500
2015-08-14,77.660004,78.730003,77.599998,78.489998,72.79216,3811500
2015-08-17,78.129997,78.639999,77.209999,78.540001,72.838531,5226800
2015-08-18,78.510002,79.0,78.18,78.82,73.098198,5146400
2015-08-19,78.25,78.540001,77.050003,77.410004,71.790565,5854700
2015-08-20,77.279999,77.830002,76.410004,76.410004,70.863159,7767300
2015-08-21,75.940002,76.300003,74.959999,75.0,69.555496,11805500
2015-08-24,71.82,74.879997,70.230003,72.82,67.533768,15209300
2015-08-25,75.220001,75.489998,72.029999,72.059998,66.828934,9427200
2015-08-26,73.82,74.080002,72.529999,73.870003,68.507538,8288100
2015-08-27,75.040001,76.220001,74.230003,75.660004,70.167603,8537700
2015-08-28,75.190002,76.019997,74.629997,75.949997,70.436546,6649500
2015-08-31,75.32,76.769997,74.900002,76.440002,70.890961,7019600
2015-09-01,74.5,75.940002,74.459999,74.900002,69.462776,9053100
2015-09-02,75.900002,76.160004,74.949997,76.099998,70.575661,5325900
2015-09-03,75.949997,76.010002,73.779999,74.449997,69.045441,11077100
2015-09-04,73.0,73.660004,72.349998,73.099998,67.793442,12007300
2015-09-08,74.580002,74.620003,73.559998,74.300003,68.906319,5647800
2015-09-09,75.0,75.199997,72.779999,72.959999,67.663597,5859200
2015-09-10,72.889999,73.309998,72.029999,72.419998,67.162804,6109100
2015-09-11,72.230003,72.919998,71.879997,72.629997,67.357544,4413800
2015-09-14,72.349998,72.889999,72.010002,72.769997,67.487404,4231800
2015-09-15,73.019997,74.739998,72.650002,74.580002,69.166008,5109400
2015-09-16,74.849998,75.870003,74.580002,75.639999,70.149048,5225800
2015-09-17,75.400002,75.68,73.910004,74.059998,68.683746,7745000
2015-09-18,73.330002,73.5,71.610001,71.860001,66.643456,9260100
2015-09-21,72.300003,72.839996,71.910004,72.160004,66.921677,7594900
2015-09-22,71.120003,71.800003,70.639999,71.68,66.476517,5717300
2015-09-23,71.669998,71.809998,70.160004,70.199997,65.103958,4754300
2015-09-24,66.199997,66.699997,64.650002,65.800003,61.023369,22589600
2015-09-25,65.0,65.769997,64.739998,64.980003,60.262897,12365100
2015-09-28,64.239998,64.32,62.990002,63.790001,59.159283,12572000
2015-09-29,63.650002,65.389999,63.599998,64.309998,59.641529,8784400
2015-09-30,64.949997,65.639999,64.150002,65.360001,60.615307,7850300
2015-10-01,65.629997,66.099998,63.610001,64.389999,59.715721,7933000
2015-10-02,63.790001,65.730003,63.099998,65.699997,60.930622,8782700
2015-10-05,66.690002,69.480003,66.519997,69.18,64.158005,10661900
2015-10-06,69.540001,71.150002,69.080002,70.82,65.67894,9664100
2015-10-07,71.360001,72.709999,69.150002,70.379997,65.270889,8307700
2015-10-08,70.32,72.18,69.849998,71.839996,66.624908,6091600
2015-10-09,71.839996,72.489998,70.860001,71.300003,66.1241,5573500
2015-10-12,71.510002,71.529999,70.32,70.5,65.382172,4643500
2015-10-13,69.959999,71.029999,69.260002,70.169998,65.076134,4724800
2015-10-14,70.110001,71.059998,69.57,70.709999,65.576935,4042700
2015-10-15,70.470001,70.919998,69.760002,70.830002,65.688225,4547900
2015-10-16,70.620003,70.830002,69.110001,69.68,64.621712,8310000
2015-10-19,69.25,69.470001,68.800003,69.269997,64.241463,5712000
2015-10-20,68.860001,71.190002,68.510002,70.269997,65.168861,6324200
2015-10-21,70.589996,71.900002,69.580002,69.669998,64.612427,8679400
2015-10-22,67.919998,72.830002,67.809998,70.879997,66.469215,13909200
2015-10-23,71.709999,72.43,70.660004,71.75,67.28508,7942500
2015-10-26,71.790001,72.300003,71.419998,71.519997,67.069382,6254500
2015-10-27,70.18,71.080002,68.339996,70.389999,66.009712,8280500
2015-10-28,70.75,72.110001,70.480003,71.970001,67.491386,5486900
2015-10-29,71.489998,72.57,71.279999,71.970001,67.491386,4321300
2015-10-30,72.269997,73.279999,71.629997,72.989998,68.447914,7388700
2015-11-02,73.0,74.639999,72.830002,74.339996,69.713905,5876500
2015-11-03,74.440002,75.32,74.199997,74.75,70.098389,5006100
2015-11-04,75.339996,75.93,74.330002,74.550003,69.910835,5477800
2015-11-05,74.650002,75.559998,73.209999,74.220001,69.601387,6238900
2015-11-06,73.419998,73.849998,72.330002,73.839996,69.24501,5538600
2015-11-09,73.43,73.610001,71.480003,71.889999,67.416374,5914800
2015-11-10,71.790001,72.580002,71.629997,72.43,67.92276,4373800
2015-11-11,72.540001,72.849998,71.82,71.910004,67.43512,4190700
2015-11-12,70.82,70.989998,68.410004,68.660004,64.387383,8731700
2015-11-13,68.699997,70.129997,68.5,69.629997,65.297005,6429600
2015-11-16,69.480003,70.620003,69.230003,70.389999,66.009712,5167600
2015-11-17,70.129997,70.360001,69.050003,69.389999,65.071953,4812000
2015-11-18,69.900002,70.449997,69.379997,70.32,65.944061,3788300
2015-11-19,69.5,70.110001,68.599998,70.019997,65.662735,6296000
2015-11-20,70.480003,71.209999,70.160004,71.139999,66.713036,6495100
2015-11-23,70.980003,71.900002,70.889999,71.019997,66.60051,3847600
2015-11-24,70.779999,71.709999,70.440002,71.400002,66.956871,3846500
2015-11-25,71.739998,71.889999,70.720001,71.489998,67.041252,3493000
2015-11-27,71.18,71.529999,70.699997,71.220001,66.788063,1642100
2015-11-30,71.330002,72.790001,71.150002,72.650002,68.129074,5632900
2015-12-01,72.330002,72.639999,70.849998,71.559998,67.106903,6578400
2015-12-02,71.199997,72.129997,70.620003,71.029999,66.609879,5068200
2015-12-03,71.150002,71.220001,69.370003,69.639999,65.306381,8130800
2015-12-04,69.360001,70.029999,68.800003,69.980003,65.625221,5252000
2015-12-07,68.68,68.730003,67.720001,68.360001,64.106041,6805900
2015-12-08,66.989998,67.160004,66.18,66.540001,62.399296,6866300
2015-12-09,66.300003,67.019997,65.160004,65.910004,61.808502,8578000
2015-12-10,65.980003,67.089996,65.910004,66.379997,62.249249,5759100
2015-12-11,65.379997,66.099998,64.480003,65.43,61.358372,7572600
2015-12-14,65.629997,66.18,64.730003,66.120003,62.005428,7371100
2015-12-15,65.459999,66.959999,65.239998,66.75,62.596226,6061200
2015-12-16,66.220001,67.879997,66.139999,67.720001,63.505863,6747600
2015-12-17,67.18,67.510002,64.879997,64.900002,60.861347,6800000
2015-12-18,64.599998,65.870003,64.099998,65.110001,61.058277,13490900
2015-12-21,65.589996,65.82,64.379997,65.239998,61.180191,5311500
2015-12-22,66.25,68.790001,66.110001,68.410004,64.152931,9697200
2015-12-23,69.589996,70.489998,68.989998,69.889999,65.540817,7586300
2015-12-24,69.75,69.900002,69.059998,69.379997,65.062569,2322100
2015-12-28,69.120003,69.18,68.029999,68.580002,64.312355,3884000
2015-12-29,69.220001,69.57,68.620003,69.190002,64.884384,3539500
2015-12-30,68.660004,69.629997,68.57,68.690002,64.415504,3158500
2015-12-31,68.449997,69.099998,67.940002,67.959999,63.730923,4337700
