2014-01-02,58.119789,58.385139,57.695225,57.960575,56.752789,2651700
2014-01-03,57.960575,58.347233,57.869598,58.043972,56.834454,1570600
2014-01-06,58.339653,58.53677,57.505688,57.536011,56.33707,2579700
2014-01-07,57.733131,58.051556,57.573921,58.013645,56.804752,2646400
2014-01-08,57.915089,58.316906,57.831692,58.043972,56.834454,3002700
2014-01-09,58.468536,58.809704,58.059135,58.74147,57.517403,4068500
2014-01-10,58.832447,58.931007,58.278999,58.893101,57.665874,2726600
2014-01-13,58.620167,58.79454,57.687641,57.733131,56.530087,3392400
2014-01-14,58.840031,59.363155,58.301743,59.332829,58.096439,6122900
2014-01-15,59.385899,59.416225,58.900681,59.294922,58.05933,3734300
2014-01-16,59.294922,59.620926,59.166035,59.537529,58.29689,3320700
2014-01-17,59.613342,59.613342,58.877937,59.037148,57.806923,3479900
2014-01-21,59.590599,59.742229,58.885521,59.135708,57.903419,6464600
2014-01-22,59.173615,59.294922,58.453373,59.090221,57.858894,3433000
2014-01-23,58.52919,58.650494,58.150112,58.460957,57.242733,2405400
2014-01-24,57.877178,58.066719,56.194088,56.201668,55.030529,5300400
2014-01-27,56.398788,56.702045,55.837757,56.178925,55.008259,4740600
2014-01-28,56.838512,58.051556,56.209248,57.02047,55.832268,5764500
2014-01-29,56.497345,57.445034,56.489765,56.95982,55.772888,5055700
2014-01-30,57.194843,57.376801,56.747536,57.088703,55.899082,4365000
2014-01-31,56.307808,56.868839,56.050037,56.398788,55.223541,4247000
2014-02-03,56.504929,56.95982,54.965881,55.011372,53.865036,5571700
2014-02-04,55.208492,55.625473,54.829414,55.291889,54.139709,4525300
2014-02-05,55.041698,55.276726,54.50341,54.958302,53.813072,3593400
2014-02-06,54.814255,55.898407,54.692947,55.883244,54.718742,3931100
2014-02-07,56.322971,57.081123,55.989388,56.952236,55.765461,4158400
2014-02-10,57.058376,57.058376,56.535255,56.91433,55.728336,4141700
2014-02-11,57.141773,57.528431,56.95982,57.156937,55.965893,3325000
2014-02-12,57.391964,57.604244,57.134193,57.27824,56.084671,2762200
2014-02-13,56.800606,57.862019,56.694466,57.786201,56.58205,3174900
2014-02-14,57.740711,58.074299,57.490524,57.945412,56.737938,2973500
2014-02-18,57.733131,58.059135,57.498104,57.573921,56.374191,3104100
2014-02-19,57.429871,57.990902,57.01289,57.07354,55.884235,3429100
2014-02-20,57.232754,57.869598,56.891586,57.702805,56.500389,3138400
2014-02-21,57.611828,57.862019,57.369221,57.733131,56.530087,3529300
2014-02-24,57.907505,58.445793,57.846855,58.043972,56.834454,3515300
2014-02-25,57.952995,58.43063,57.778622,58.241093,57.027451,3503000
2014-02-26,58.263836,58.52919,58.036392,58.241093,57.027451,3528000
2014-02-27,57.892342,58.47612,57.869598,58.400303,57.183346,3374100
2014-02-28,58.37756,58.786961,57.801365,57.990902,56.782478,5017400
2014-03-03,57.422291,57.695225,57.12661,57.308567,56.114365,3629300
2014-03-04,57.968159,58.150112,57.771038,57.899925,56.693398,4219300
2014-03-05,57.945412,58.142532,57.642155,57.907505,56.700809,3320300
2014-03-06,58.051556,58.445793,57.952995,58.286579,57.071999,3021600
2014-03-07,58.673237,58.802124,58.32449,58.703564,57.480289,3720300
2014-03-10,58.68082,58.68082,58.218346,58.49128,57.27243,2956100
2014-03-11,58.58226,58.650494,57.862019,57.945412,56.737938,2768400
2014-03-12,57.536011,57.672478,57.232754,57.482941,56.285099,2873900
2014-03-13,57.755875,57.771038,56.338135,56.429111,55.253239,3284100
2014-03-14,56.338135,56.603489,55.883244,55.943897,54.778126,3669500
2014-03-17,56.338135,56.95982,56.315392,56.747536,55.565018,3270800
2014-03-18,56.876423,57.202427,56.838512,57.058376,55.869389,1861600
2014-03-19,57.028053,57.21759,56.057621,56.383625,55.208706,2492300
2014-03-20,56.330555,56.846096,56.133434,56.671722,55.490791,2088500
2014-03-21,57.134193,57.710388,56.884003,57.088703,55.899082,5422200
2014-03-24,57.293404,57.308567,56.050037,56.345715,55.171577,2211900
2014-03-25,56.679302,56.91433,56.148598,56.429111,55.253239,2327700
2014-03-26,56.793026,56.868839,55.617893,55.617893,54.532192,3976600
2014-03-27,55.428356,55.905991,55.307053,55.678543,54.591652,4468600
2014-03-28,56.012131,56.421532,55.792267,56.004547,54.911297,2665100
2014-03-31,56.504929,56.861259,56.269901,56.861259,55.751282,2807000
2014-04-01,56.921909,57.07354,56.573162,57.058376,55.944553,3062800
2014-04-02,57.149357,57.407127,56.9674,57.194843,56.078354,3042100
2014-04-03,57.285824,57.551174,56.921909,57.498104,56.37569,2858800
2014-04-04,57.975739,58.150112,57.088703,57.16452,56.048622,3415500
2014-04-07,56.974979,57.028053,55.822594,55.974224,54.881569,2979000
2014-04-08,55.8605,56.360878,55.579987,56.125854,55.030235,3102800
2014-04-09,56.861259,57.399544,56.391205,57.354057,56.234459,4055500
2014-04-10,57.346474,57.354057,56.178925,56.201668,55.104565,3192300
2014-04-11,55.845337,56.034874,55.178165,55.193329,54.115913,3608300
2014-04-14,55.670963,55.670963,54.510994,55.034119,53.959812,5905200
2014-04-15,55.109932,55.413193,54.39727,55.344959,54.264584,5046200
2014-04-16,55.943897,56.004547,55.238819,55.837757,54.747761,5374500
2014-04-17,55.344959,55.678543,54.806671,55.231236,54.153084,10285800
2014-04-21,55.617893,56.626232,55.428356,56.542835,55.439075,7684000
2014-04-22,56.467022,56.542835,55.731613,55.76194,54.673428,5662700
2014-04-23,55.724033,55.883244,55.504169,55.633057,54.547054,4210500
2014-04-24,55.883244,56.034874,55.617893,55.845337,54.755188,3678000
2014-04-25,55.80743,55.936314,55.216072,55.382866,54.301758,3204300
2014-04-28,55.55724,55.799847,55.140259,55.724033,54.636257,6213200
2014-04-29,55.731613,55.837757,55.291889,55.64822,54.561928,5475800
2014-04-30,55.542076,55.686127,55.322212,55.633057,54.547054,4372200
2014-05-01,55.633057,56.125854,55.542076,55.80743,54.718029,4759300
2014-05-02,55.830173,55.91357,55.466263,55.54966,54.465279,3463400
2014-05-05,55.344959,55.519333,55.049278,55.344959,54.264584,2560300
2014-05-06,55.185745,55.375286,54.996208,55.011372,53.937504,2691800
2014-05-07,55.178165,55.276726,54.715694,55.200909,54.123344,4129100
2014-05-08,55.178165,55.96664,55.049278,55.54966,54.465279,3763200
2014-05-09,55.44352,56.148598,55.185745,56.125854,55.030235,5644600
2014-05-12,56.269901,56.952236,56.269901,56.91433,55.803322,3653100
2014-05-13,57.17968,57.566338,56.95982,57.338894,56.219589,3746300
2014-05-14,57.16452,57.755875,56.921909,57.02047,55.907391,4078800
2014-05-15,56.770279,56.921909,56.292645,56.838512,55.728977,4019500
2014-05-16,56.846096,57.1721,56.595905,57.103867,55.989155,4231700
2014-05-19,56.944656,57.763458,56.891586,57.482941,56.360836,3121600
2014-05-20,57.467777,57.581501,56.535255,56.709629,55.602619,3076500
2014-05-21,56.95982,57.869598,56.95982,57.831692,56.702766,4151400
2014-05-22,58.627747,59.514786,58.157696,59.158455,58.003639,8946200
2014-05-23,59.135708,59.484459,58.938591,59.454132,58.293549,2859400
2014-05-27,59.855953,59.89386,59.492039,59.628506,58.464512,3384100
2014-05-28,59.681576,59.924187,59.423805,59.651253,58.486816,2958300
2014-05-29,59.651253,59.772556,59.234268,59.552692,58.390175,3134900
2014-05-30,59.393478,59.529945,59.150871,59.461712,58.300976,4487700
2014-06-02,59.590599,59.780136,59.006824,59.620926,58.457077,2406100
2014-06-03,59.385899,59.78772,59.302502,59.734646,58.568584,2733700
2014-06-04,59.545109,59.636089,59.135708,59.461712,58.300976,3257400
2014-06-05,59.469296,60.538288,59.082638,60.272934,59.096371,3897900
2014-06-06,60.310841,61.023502,60.265354,60.932526,59.743084,3688400
2014-06-09,60.780895,61.5163,60.765732,61.068993,59.876884,4058200
2014-06-10,60.864292,61.099319,60.636845,60.978012,59.787674,1841400
2014-06-11,60.871872,60.955269,60.614101,60.720242,59.534935,2579400
2014-06-12,60.447308,60.887035,60.432144,60.750568,59.564671,3528700
2014-06-13,60.667171,61.023502,60.591358,60.856709,59.668739,2279100
2014-06-16,60.720242,60.909779,60.568611,60.705078,59.520077,3143400
2014-06-17,60.788475,60.917362,60.591358,60.780895,59.594406,2154800
2014-06-18,60.841545,61.197876,60.500378,61.159969,59.966076,2436300
2014-06-19,61.038666,61.213039,60.629265,60.727825,59.54237,4345700
2014-06-20,60.811222,61.190296,60.523125,61.167553,59.973515,6036100
2014-06-23,61.137226,61.182713,60.811222,60.902199,59.713341,2703500
2014-06-24,60.902199,60.902199,60.083397,60.083397,58.91053,3678900
2014-06-25,59.94693,60.371494,59.583019,60.265354,59.163586,2747600
2014-06-26,60.21228,60.371494,59.651253,59.969673,58.87331,2622800
2014-06-27,59.878696,60.136467,59.711903,60.037907,58.940296,3331900
2014-06-30,60.128887,60.144047,59.560272,59.689159,58.597923,4072900
2014-07-01,60.015163,60.439728,59.984837,60.272934,59.171028,3590400
2014-07-02,60.068233,60.257771,59.560272,59.719486,58.627697,3379100
2014-07-03,60.090977,60.401821,59.962093,60.235027,59.133816,2725500
2014-07-07,60.15163,60.197121,59.423805,59.522366,58.434174,3427900
2014-07-08,59.461712,59.613342,59.128128,59.279758,58.196011,3750400
2014-07-09,59.438969,59.545109,59.143291,59.355572,58.270439,3087700
2014-07-10,58.862774,59.385899,58.74147,59.135708,58.054596,2979200
2014-07-11,59.135708,59.438969,58.953754,59.423805,58.337429,2447900
2014-07-14,59.704323,59.99242,59.469296,59.749809,58.657459,3192600
2014-07-15,59.620926,60.0,59.203941,59.317665,58.233223,3698700
2014-07-16,59.438969,59.673996,59.044731,59.514786,58.426743,3437800
2014-07-17,57.399544,57.467777,56.095528,56.156178,55.129539,13200500
2014-07-18,56.497345,57.194843,55.96664,56.944656,55.903595,7630400
2014-07-21,56.793026,57.07354,56.535255,56.974979,55.933361,5396400
2014-07-22,57.141773,57.793781,57.141773,57.467777,56.417152,7100100
2014-07-23,57.619408,57.702805,57.1721,57.32373,56.275742,4790400
2014-07-24,57.407127,57.763458,57.050797,57.596664,56.543686,4367400
2014-07-25,57.308567,57.573921,57.240334,57.38438,56.335285,2595200
2014-07-28,57.263077,57.338894,56.846096,57.02047,55.978024,3621500
2014-07-29,56.937073,57.088703,56.057621,56.163761,55.13699,6753800
2014-07-30,56.307808,56.451859,55.799847,56.231995,55.203964,5692100
2014-07-31,55.91357,56.141014,55.564823,56.012131,54.988121,6681300
2014-08-01,56.027294,56.050037,55.360123,55.60273,54.586205,6803600
2014-08-04,55.625473,56.163761,55.390446,56.103107,55.077438,3752900
2014-08-05,55.724033,56.429111,55.458679,55.769524,54.749943,4475700
2014-08-06,55.852921,56.307808,55.64822,56.156178,55.129539,5776400
2014-08-07,56.406368,56.679302,55.943897,56.072781,55.047657,3771000
2014-08-08,56.194088,56.800606,55.951477,56.762699,55.724968,2903100
2014-08-11,56.937073,57.300987,56.884003,57.02047,55.978024,3241000
2014-08-12,56.846096,56.884003,56.224411,56.360878,55.330498,4511300
2014-08-13,56.709629,56.853676,56.451859,56.694466,55.657982,2682300
2014-08-14,56.512508,56.785442,56.406368,56.770279,55.732414,3391500
2014-08-15,57.149357,57.429871,56.595905,56.974979,55.933361,6283500
2014-08-18,57.293404,57.960575,57.141773,57.839272,56.781857,2709400
2014-08-19,57.854435,58.150112,57.710388,58.104626,57.042366,2195800
2014-08-20,58.097042,58.64291,57.945412,58.521606,57.451721,3245200
2014-08-21,58.559513,58.764214,58.316906,58.718727,57.645229,2334700
2014-08-22,58.47612,58.68082,58.37756,58.407887,57.34008,2691400
2014-08-25,58.627747,58.771797,58.4837,58.64291,57.570805,1883700
2014-08-26,58.74147,58.824867,58.567097,58.627747,57.55592,2572900
2014-08-27,58.423046,58.627747,58.021229,58.112206,57.049809,1476800
2014-08-28,57.884762,57.998486,57.604244,57.869598,56.811634,2562500
2014-08-29,58.066719,58.112206,57.634571,58.081879,57.020031,1982300
2014-09-02,58.127369,58.32449,57.778622,57.937832,56.878624,3034300
2014-09-03,58.392723,58.392723,57.960575,58.066719,57.00515,3196700
2014-09-04,58.104626,58.332069,57.642155,57.801365,56.744648,2984700
2014-09-05,57.642155,58.53677,57.581501,58.4837,57.414509,2814400
2014-09-08,58.385139,58.665657,58.248672,58.415466,57.347519,2591900
2014-09-09,58.37756,58.423046,57.877178,58.051556,56.990253,2607500
2014-09-10,58.081879,58.47612,57.983322,58.32449,57.258205,2276100
2014-09-11,58.127369,58.627747,58.036392,58.58984,57.518707,2175000
2014-09-12,58.567097,58.58984,58.241093,58.286579,57.220989,2521500
2014-09-15,58.400303,58.802124,58.036392,58.097042,57.034912,5486300
2014-09-16,57.952995,58.877937,57.733131,58.809704,57.73455,4082000
2014-09-17,58.984077,60.075813,58.900681,59.689159,58.597923,5555700
2014-09-18,59.742229,60.219864,59.673996,60.166794,59.06683,3736700
2014-09-19,60.538288,60.652008,60.15163,60.235027,59.133816,6362100
2014-09-22,60.022743,60.022743,59.173615,59.257011,58.173679,2767700
2014-09-23,59.120544,59.219105,58.6884,58.69598,57.622906,2779700
2014-09-24,58.718727,59.075058,58.498863,58.931007,57.928467,4179600
2014-09-25,58.673237,58.74147,57.338894,57.346474,56.370884,5020300
2014-09-26,57.391964,57.649734,57.240334,57.551174,56.572105,4020900
2014-09-29,57.035633,57.604244,56.815769,57.460197,56.482674,4013400
2014-09-30,57.414707,58.49128,57.346474,57.604244,56.624268,6947500
2014-10-01,57.391964,57.589081,56.444275,56.542835,55.580917,4149400
2014-10-02,56.497345,56.702045,55.974224,56.429111,55.469135,6061400
2014-10-03,57.02047,57.27824,56.739956,56.815769,55.849213,5669900
2014-10-06,57.050797,57.316147,56.611069,56.777863,55.811947,2600000
2014-10-07,56.633812,56.633812,55.519333,55.54966,54.604641,3869800
2014-10-08,55.70129,56.588326,55.276726,56.550419,55.588371,4948600
2014-10-09,56.611069,56.611069,55.147839,55.170586,54.232018,5572300
2014-10-10,55.170586,55.504169,54.010612,54.480667,53.553829,8159300
2014-10-13,54.768764,55.466263,54.268387,54.359364,53.434593,7898300
2014-10-14,54.579227,55.238819,54.260803,54.586807,53.658169,6343500
2014-10-15,53.593632,54.890068,53.161488,54.571644,53.643265,8177200
2014-10-16,54.412434,56.512508,53.987869,56.247158,55.290283,9111500
2014-10-17,56.861259,57.22517,56.277481,56.702045,55.737423,5370900
2014-10-20,56.580742,56.793026,56.095528,56.656559,55.692703,3897300
2014-10-21,56.929493,57.892342,56.906746,57.808945,56.825489,4200600
2014-10-22,58.172859,58.172859,57.27066,57.293404,56.318726,4638600
2014-10-23,58.021229,58.999241,57.922668,58.650494,57.652718,4276300
2014-10-24,58.612587,59.135708,58.453373,59.105381,58.099869,2462800
2014-10-27,58.726307,59.112965,58.665657,59.037148,58.032795,2191200
2014-10-28,59.431389,60.477634,59.370735,60.454891,59.426426,4766700
2014-10-29,60.310841,60.591358,59.878696,60.121304,59.098515,4647100
2014-10-30,59.878696,60.568611,59.696739,60.432144,59.404064,2633300
2014-10-31,60.932526,61.175133,60.689915,60.955269,59.918285,5442000
2014-11-03,60.917362,60.940105,60.447308,60.629265,59.597832,3365000
2014-11-04,60.636845,60.841545,60.386658,60.644428,59.612736,2490200
2014-11-05,61.190296,61.3116,60.545868,61.235786,60.194031,2331800
2014-11-06,61.387413,61.645187,61.023502,61.607277,60.559208,2129300
2014-11-07,61.62244,61.652767,61.129642,61.554207,60.507027,2259300
2014-11-10,61.546627,61.789234,61.41774,61.630024,60.581566,2599200
2014-11-11,61.827141,61.933281,61.36467,61.721001,60.670998,2477400
2014-11-12,62.964367,62.994694,62.206219,62.441242,61.37899,6164700
2014-11-13,62.418499,62.61562,62.160728,62.471569,61.408794,5956300
2014-11-14,62.274452,62.532223,62.213799,62.342686,61.282101,2557400
2014-11-17,62.297195,62.585293,62.137981,62.448826,61.386433,2408800
2014-11-18,62.547386,62.858227,62.380592,62.608036,61.542931,2508000
2014-11-19,62.608036,62.752087,62.282032,62.600456,61.535488,1962000
2014-11-20,62.115238,62.661106,61.834724,62.554966,61.490772,2153900
2014-11-21,63.275208,63.548141,63.100834,63.373768,62.295643,3539600
2014-11-24,63.373768,63.396511,63.025021,63.313114,62.236027,2034800
2014-11-25,63.297955,63.411674,63.161488,63.214558,62.139141,2803600
2014-11-26,63.487492,63.487492,63.093254,63.267628,62.191315,1994400
2014-11-28,63.252464,63.654285,63.199394,63.351025,62.273285,2320600
2014-12-01,63.009857,63.176647,62.608036,62.97953,61.908112,3881400
2014-12-02,63.260044,63.472328,63.017437,63.366188,62.288197,3454400
2014-12-03,63.502655,64.427597,63.411674,64.329041,63.234653,3380800
2014-12-04,64.018196,64.20015,63.699772,64.124336,63.033443,2664600
2014-12-05,63.995453,64.435181,63.987869,64.351784,63.257019,1867400
2014-12-08,64.260803,64.624718,64.071266,64.245644,63.152691,3207900
2014-12-09,63.426838,63.972706,63.335861,63.957542,62.869492,2886300
2014-12-10,63.828659,63.836239,62.964367,63.0326,61.960278,4880300
2014-12-11,63.199394,64.268387,63.009857,63.646702,62.563931,3677600
2014-12-12,63.222137,64.13192,63.214558,63.502655,62.422337,3718100
2014-12-15,63.927219,64.116753,62.850643,63.222137,62.146591,3633900
2014-12-16,63.131161,63.684608,62.304775,62.342686,61.282101,5647200
2014-12-17,62.373009,63.798332,62.054588,63.639122,62.556488,5728100
2014-12-18,64.518578,65.200912,64.23806,65.200912,64.091713,4409100
2014-12-19,65.276726,65.678543,64.950722,65.405609,64.292915,6568800
2014-12-22,65.76194,66.118271,65.519333,66.004547,64.881645,3125500
2014-12-23,66.186508,66.330551,65.905991,66.004547,64.956276,3756200
2014-12-24,66.012131,66.050041,65.79985,65.79985,64.754852,1269600
2014-12-26,65.875664,66.110687,65.686127,65.754356,64.71006,1558000
2014-12-29,65.405609,66.072784,65.337379,65.86808,64.821983,1952600
2014-12-30,65.852921,65.890823,65.125092,65.382866,64.344482,2397600
2014-12-31,65.625473,65.822594,64.958305,64.981049,63.949039,2734600
2015-01-02,65.208488,65.420776,64.526154,64.988625,63.956497,2722100
2015-01-05,64.662621,64.897652,64.02578,64.3442,63.3223,3985000
2015-01-06,64.541321,64.700531,63.366188,63.904472,62.889557,3807000
2015-01-07,64.495827,64.715691,64.116753,64.29113,63.270077,4361800
2015-01-08,64.897652,65.413193,64.836998,65.284309,64.24749,3904200
2015-01-09,65.511749,65.595146,64.715691,64.844582,63.814732,2749800
2015-01-12,64.473083,64.738441,63.798332,64.040939,63.023857,4024900
2015-01-13,64.685371,65.147842,63.404095,63.949963,62.93433,5059800
2015-01-14,63.290371,63.752842,62.661106,62.941624,61.942005,6322400
2015-01-15,63.275208,63.381348,62.175892,62.191055,61.20335,5530600
2015-01-16,61.993935,62.653526,61.599697,62.577709,61.583874,5606100
2015-01-20,62.956787,63.267628,62.471569,62.903713,61.904686,4463800
2015-01-21,62.744503,63.419258,62.509476,63.123577,62.121059,3989500
2015-01-22,63.669445,64.101593,63.047764,64.063683,63.046242,5121500
2015-01-23,64.063683,64.094009,63.745262,63.790752,62.777649,4991200
2015-01-26,63.578468,63.790752,63.093254,63.426838,62.419518,4037800
2015-01-27,64.033356,64.662621,63.396511,64.169823,63.1507,4739200
2015-01-28,64.488251,64.548904,62.805157,62.812737,61.815166,5232800
2015-01-29,63.191811,63.669445,62.327522,63.631538,62.620956,3595100
2015-01-30,63.313114,63.472328,62.426079,62.456406,61.464489,3908900
2015-02-02,62.501896,63.502655,61.865047,63.487492,62.479198,4550900
2015-02-03,64.222893,64.541321,63.889309,64.457924,63.434227,5735400
2015-02-04,64.063683,64.50341,63.768005,63.942379,62.926861,3778600
2015-02-05,64.336617,64.897652,64.275963,64.806671,63.777435,2672800
2015-02-06,64.746017,65.049278,64.063683,64.283546,63.262611,2607600
2015-02-09,63.912056,64.510994,63.768005,64.02578,63.008945,2464400
2015-02-10,64.382111,64.844582,63.934799,64.791512,63.762508,2558400
2015-02-11,64.753601,65.140259,64.55648,64.943138,63.911724,2775300
2015-02-12,65.132675,65.686127,65.041695,65.6558,64.613052,2695200
2015-02-13,65.504173,65.898407,65.352539,65.81501,64.769753,2608700
2015-02-17,65.769524,65.936317,65.564819,65.807426,64.762291,2531600
2015-02-18,65.807426,66.391205,65.534492,66.300224,65.247276,2606400
2015-02-19,65.97422,66.338135,65.951477,66.141014,65.090584,2914700
2015-02-20,66.072784,66.641396,65.625473,66.474602,65.418861,5304300
2015-02-23,66.156181,66.436691,65.807426,65.852921,64.807053,2554900
2015-02-24,65.64064,66.057617,65.587563,65.989388,64.941376,3238600
2015-02-25,65.951477,66.482185,65.822594,66.125854,65.075676,3077200
2015-02-26,66.057617,66.793022,65.97422,66.573158,65.515869,2837600
2015-02-27,66.497345,66.611069,66.133438,66.171341,65.120422,2923000
2015-03-02,66.118271,66.595909,66.118271,66.315392,65.262184,2725000
2015-03-03,66.125854,66.262321,65.70887,65.996971,64.948822,2152800
2015-03-04,64.890068,65.587563,64.783928,65.284309,64.24749,6330000
2015-03-05,65.44352,65.625473,65.170586,65.458679,64.41909,2987400
2015-03-06,65.178162,65.299469,64.480667,64.60955,63.583435,3960600
2015-03-09,64.730858,65.413193,64.510994,65.269142,64.232559,3093800
2015-03-10,64.655045,64.738441,64.177406,64.177406,63.158157,2950900
2015-03-11,64.215317,64.351784,63.912056,63.965126,62.949245,2765600
2015-03-12,64.116753,65.003792,64.101593,64.867325,63.837124,3077000
2015-03-13,64.852158,64.912811,63.957542,64.594391,63.568516,3154900
2015-03-16,64.814255,65.845337,64.685371,65.807426,64.762291,5333100
2015-03-17,65.382866,65.572403,65.125092,65.405609,64.366859,2546700
2015-03-18,65.208488,66.535255,64.639877,66.171341,65.120422,3670500
2015-03-19,66.034874,66.368462,65.617889,65.966644,64.918968,3435800
2015-03-20,66.224411,66.376045,65.928734,66.072784,65.023438,5148900
2015-03-23,66.254738,66.338135,65.769524,65.784683,64.739906,3703000
2015-03-24,65.595146,65.74678,65.147842,65.147842,64.113197,2845700
2015-03-25,65.087189,65.200912,63.949963,63.949963,63.03336,5413400
2015-03-26,63.874146,64.404854,63.593632,63.927219,63.010941,3442700
2015-03-27,63.858986,64.442757,63.760426,64.329041,63.407005,2796600
2015-03-30,64.442757,65.011375,64.427597,64.897652,63.967457,2374900
2015-03-31,64.738441,64.829414,64.329041,64.366943,63.444359,3315300
2015-04-01,64.275963,64.321457,63.426838,63.608795,62.697083,3557600
2015-04-02,63.745262,64.086426,63.373768,63.828659,62.913799,2604300
2015-04-06,63.517815,64.715691,63.313114,64.420013,63.496677,2160300
2015-04-07,64.207733,65.193329,64.154663,64.692947,63.76569,3478300
2015-04-08,64.715691,64.912811,64.35936,64.708115,63.780647,3097400
2015-04-09,64.510994,64.890068,64.374527,64.791512,63.86285,2168000
2015-04-10,65.072021,65.087189,64.313873,64.427597,63.504147,3812400
2015-04-13,64.700531,64.882484,64.20015,64.617134,63.690964,3130500
2015-04-14,64.389687,64.882484,64.147079,64.806671,63.877781,3041000
2015-04-15,64.632294,65.026535,64.632294,64.897652,63.967457,3011200
2015-04-16,64.617134,65.034119,64.518578,64.776344,63.847897,3817500
2015-04-17,64.25322,64.29113,63.487492,63.851402,62.936207,4945500
2015-04-20,64.298714,64.579224,64.094009,64.382111,63.459316,3544500
2015-04-21,64.533737,64.821838,64.442757,64.594391,63.668545,3467600
2015-04-22,64.510994,64.753601,64.162247,64.632294,63.70591,5772900
2015-04-23,64.109177,64.548904,63.419258,64.207733,63.287434,10063100
2015-04-24,63.980289,64.094009,62.964367,63.153904,62.248711,7863700
2015-04-27,63.699772,63.912056,62.941624,62.994694,62.091782,5910800
2015-04-28,62.797573,63.138741,62.608036,63.123577,62.218819,3278500
2015-04-29,62.896133,63.08567,62.630779,62.77483,61.875069,4388900
2015-04-30,62.699013,62.797573,61.857468,62.077332,61.187569,3878100
2015-05-01,62.236542,62.72934,62.122822,62.562546,61.665825,3423300
2015-05-04,62.623199,63.078091,62.570129,62.691433,61.792866,2499700
2015-05-05,62.706596,62.903713,62.342686,62.471569,61.57616,3790200
2015-05-06,62.683853,62.888554,62.069748,62.426079,61.531315,4076200
2015-05-07,62.373009,63.282791,62.335102,63.070507,62.166512,4952400
2015-05-08,63.570889,64.003029,63.487492,63.707355,62.794231,3357900
2015-05-11,63.563305,63.783169,63.351025,63.351025,62.442997,2981000
2015-05-12,63.153904,65.466263,63.131161,65.200912,64.26638,12833600
2015-05-13,68.233513,68.42305,65.54966,66.224411,65.275215,24901400
2015-05-14,66.702049,66.990143,66.269905,66.595909,65.641388,12619700
2015-05-15,66.550415,66.777863,65.458679,65.542076,64.602661,10640300
2015-05-18,65.625473,66.413948,65.625473,66.156181,65.207947,6175900
2015-05-19,66.163757,66.292648,65.473846,65.572403,64.632538,4759000
2015-05-20,65.587563,66.141014,65.276726,65.97422,65.028603,5421700
2015-05-21,65.951477,66.171341,65.70887,65.883247,64.938934,5032100
2015-05-22,65.92115,66.383621,65.64064,65.663383,64.722237,3875200
2015-05-26,65.625473,65.890823,65.178162,65.337379,64.400894,3554100
2015-05-27,65.329796,66.307808,65.223656,66.277481,65.327522,4717600
2015-05-28,66.224411,66.338135,65.792267,66.201668,65.252785,4158500
2015-05-29,66.034874,66.247154,65.200912,65.44352,64.505501,4014500
2015-06-01,65.579987,66.08036,65.238815,65.883247,64.938934,3791800
2015-06-02,65.542076,65.898407,65.291885,65.79985,64.856735,3279200
2015-06-03,65.830177,66.292648,65.701286,66.141014,65.192993,3139000
2015-06-04,65.625473,65.883247,64.905228,65.049278,64.116913,3624300
2015-06-05,64.912811,65.193329,64.791512,65.117516,64.184166,2639900
2015-06-08,64.890068,65.056862,64.329041,64.374527,63.451832,4206900
2015-06-09,64.465508,65.041695,64.215317,64.594391,63.668545,3476000
2015-06-10,64.791512,65.284309,64.594391,65.216072,64.281319,3151600
2015-06-11,65.39045,65.504173,65.011375,65.147842,64.214066,3023900
2015-06-12,65.064445,65.117516,64.382111,64.480667,63.556454,4229600
2015-06-15,64.139496,64.25322,63.775589,64.033356,63.115551,3190000
2015-06-16,63.949963,64.329041,63.934799,64.162247,63.242599,2519000
2015-06-17,64.20015,64.526154,64.003029,64.23806,63.317326,3625900
2015-06-18,64.420013,65.526917,64.275963,65.163002,64.229019,4565100
2015-06-19,65.163002,65.413193,64.927979,65.079605,64.146805,5506800
2015-06-22,65.39045,65.716454,65.314629,65.39045,64.453194,3337900
2015-06-23,65.314629,65.489006,64.950722,64.988625,64.057129,2986600
2015-06-24,64.882484,65.147842,64.692947,64.761185,63.933647,3862400
2015-06-25,64.988625,65.049278,64.35936,64.768761,63.941113,3361600
2015-06-26,65.094772,65.223656,64.715691,65.018951,64.18811,13521900
2015-06-29,64.548904,64.852158,64.116753,64.25322,63.432167,7914200
2015-06-30,64.647461,65.109932,64.480667,64.890068,64.060875,7411000
2015-07-01,65.200912,65.458679,64.973465,65.458679,64.622215,7477800
2015-07-02,65.595146,65.905991,65.413193,65.807426,64.966507,4988700
2015-07-06,65.147842,65.466263,64.988625,65.102348,64.270454,9522700
2015-07-07,65.360123,66.156181,64.579224,66.012131,65.168602,6584300
2015-07-08,65.678543,65.777107,64.943138,65.003792,64.173141,6761400
2015-07-09,65.663383,65.860504,64.988625,65.003792,64.173141,6799300
2015-07-10,65.542076,65.898407,65.246399,65.69371,64.85424,6139200
2015-07-13,66.087944,66.793022,65.959061,66.717209,65.86467,6514400
2015-07-14,66.906746,67.490524,66.800606,67.445038,66.583199,18511100
2015-07-15,67.573921,67.626991,66.937073,66.9674,66.111664,7987300
2015-07-16,67.23275,67.361641,66.717209,67.247917,66.388596,5746600
2015-07-17,67.081123,67.293404,66.899162,67.263077,66.403557,2712700
2015-07-20,67.263077,67.354057,67.028053,67.156937,66.298775,3847900
2015-07-21,66.944656,67.12661,66.451859,66.557999,65.707497,4999000
2015-07-22,66.504929,66.937073,66.360878,66.611069,65.75988,5054200
2015-07-23,67.475357,67.960579,66.884003,67.513268,66.650551,9431700
2015-07-24,67.354057,67.520851,66.368462,66.550415,65.699997,5034800
2015-07-27,66.277481,66.626228,65.60273,66.125854,65.280876,3985000
2015-07-28,66.686882,67.028053,66.376045,67.02047,66.164055,5467100
2015-07-29,67.407127,68.984077,66.997726,68.923424,68.042694,7894300
2015-07-30,68.63533,69.780136,68.63533,69.643669,68.753738,6091600
2015-07-31,69.719482,69.886276,69.226685,69.416222,68.52919,4479500
2015-08-03,69.385895,69.636086,68.658073,69.241852,68.357048,3110900
2015-08-04,69.188782,70.068237,69.052315,69.567856,68.678902,3299400
2015-08-05,70.05307,70.447311,69.742226,69.94693,69.053116,2842500
2015-08-06,70.0,70.235023,69.219109,69.423805,68.536682,2188300
2015-08-07,69.075058,69.385895,68.430626,69.037148,68.154968,2229200
2015-08-10,69.507202,70.075813,69.492043,69.711906,68.821098,2352400
2015-08-11,69.075058,69.385895,68.915848,69.037148,68.154968,2799800
2015-08-12,68.506447,68.551933,67.596664,68.453377,67.578644,3961200
2015-08-13,68.521606,68.84761,68.180443,68.559517,67.683434,2771800
2015-08-14,68.718727,68.984077,68.42305,68.931007,68.050171,1933900
2015-08-17,68.59742,69.499619,68.362396,69.484459,68.59655,1636200
2015-08-18,69.166039,69.598183,69.166039,69.378319,68.491768,1802100
2015-08-19,68.923424,69.363152,68.506447,68.711143,67.833122,3079800
2015-08-20,68.225929,68.385139,67.21759,67.293404,66.433502,4551400
2015-08-21,66.906746,67.096283,65.913574,65.92115,65.078773,5621100
2015-08-24,62.67627,65.360123,62.67627,63.722519,62.908245,8003900
2015-08-25,65.261559,65.261559,63.047764,63.100834,62.294506,5288700
2015-08-26,64.60955,65.754356,63.570889,65.70887,64.869217,6359400
2015-08-27,66.247154,67.27066,65.86808,67.065956,66.208961,5328600
2015-08-28,66.777863,66.974983,66.178925,66.762695,65.909576,4279700
2015-08-31,66.087944,66.91433,65.087189,65.97422,65.13118,4644100
2015-09-01,64.601974,65.185745,63.919636,64.283546,63.462105,6901400
2015-09-02,64.973465,65.428352,64.329041,65.413193,64.577316,4536900
2015-09-03,65.92115,66.413948,65.542076,65.86808,65.02639,3967600
2015-09-04,64.958305,65.352539,64.700531,64.890068,64.060875,3752400
2015-09-08,66.02729,66.383621,65.329796,66.360878,65.512878,3958300
2015-09-09,66.717209,67.012886,65.375282,65.511749,64.674622,3602100
2015-09-10,65.458679,65.76194,64.950722,65.238815,64.405174,4573800
2015-09-11,65.223656,65.845337,65.056862,65.837753,64.99646,4046000
2015-09-14,65.97422,66.178925,65.466263,65.784683,64.944054,5224900
2015-09-15,66.156181,67.134193,65.883247,67.02047,66.164055,4486500
2015-09-16,66.846092,67.771042,66.732376,67.680061,66.815224,4174700
2015-09-17,67.634575,67.786201,66.656555,66.815773,65.961975,4991800
2015-09-18,66.057617,66.065201,64.799088,65.360123,64.524918,12345000
2015-09-21,65.564819,65.996971,65.056862,65.519333,64.682091,5219900
2015-09-22,64.867325,65.170586,64.412437,64.874908,64.045914,6628100
2015-09-23,64.996208,65.299469,64.738441,64.950722,64.12075,3979800
2015-09-24,64.510994,64.601974,63.768005,64.457924,63.634258,4875400
2015-09-25,65.185745,65.579987,64.533737,64.662621,63.836338,6977300
2015-09-28,64.30629,64.564064,62.395756,62.471569,61.673283,7748200
2015-09-29,62.843063,63.396511,62.623199,63.08567,62.279533,6317300
2015-09-30,63.768005,64.662621,63.555725,64.601974,63.880108,7109400
2015-10-01,64.647461,65.011375,63.783169,64.692947,63.970062,4431300
2015-10-02,63.836239,65.701286,63.570889,65.701286,64.967117,4080500
2015-10-05,66.118271,66.868843,65.883247,66.739952,65.994186,4349500
2015-10-06,66.467018,66.664139,65.595146,66.133438,65.394455,4949500
2015-10-07,66.656555,67.300987,66.459442,67.050797,66.301559,3552700
2015-10-08,66.868843,67.513268,66.694466,67.39196,66.638908,4247400
2015-10-09,67.346474,67.771042,66.944656,67.103867,66.35405,5202900
2015-10-12,67.043213,67.862015,66.982559,67.839272,67.081223,3084700
2015-10-13,67.437454,68.043976,67.27066,67.619408,66.863815,3082200
2015-10-14,67.589081,67.755875,66.800606,66.899162,66.151619,4804000
2015-10-15,67.07354,67.581505,66.694466,67.520851,66.766373,2760100
2015-10-16,67.710388,67.808945,66.9674,67.429871,66.676399,4108100
2015-10-19,67.194847,67.589081,66.9674,67.589081,66.833832,2286600
2015-10-20,67.361641,68.104622,67.103867,67.801361,67.043739,3136000
2015-10-21,68.134949,68.203186,67.467781,67.566338,66.811348,6655900
2015-10-22,67.088707,71.728584,66.785446,71.250946,70.454765,9387900
2015-10-23,71.448067,71.448067,69.795296,70.37149,69.585136,6754300
2015-10-26,70.37149,70.606522,69.848373,70.03791,69.255295,3215100
2015-10-27,69.545113,69.84079,69.226685,69.492043,68.71553,3499700
2015-10-28,69.583015,70.242607,69.287338,70.204704,69.420227,3468900
2015-10-29,69.954514,70.621681,69.598183,70.538284,69.750076,3069400
2015-10-30,70.507957,71.213043,69.992416,70.742989,69.952492,5301300
2015-11-02,70.894615,72.60804,70.788475,72.426079,71.616783,4995700
2015-11-03,72.175888,72.706596,71.948448,72.554962,71.744217,4252300
2015-11-04,72.524643,72.843063,72.031845,72.638359,71.826691,3819200
2015-11-05,72.706596,72.99469,72.441246,72.509476,71.699234,3783900
2015-11-06,72.168312,72.653526,72.062172,72.653526,71.841682,2645900
2015-11-09,72.395752,72.736923,71.902954,72.319939,71.511818,2547500
2015-11-10,72.107658,72.380592,71.68309,72.100075,71.294418,2948800
2015-11-11,72.175888,72.858223,72.039421,72.115242,71.309418,2682800
2015-11-12,71.721001,72.441246,71.3116,71.334343,70.537247,2830800
2015-11-13,71.129646,71.485977,70.735405,70.917358,70.124924,2863600
2015-11-16,70.970428,72.183472,70.917358,72.137985,71.331902,3171400
2015-11-17,72.084915,72.843063,71.774071,72.289612,71.481842,2910700
2015-11-18,72.350266,73.654282,72.175888,73.563309,72.74131,2676600
2015-11-19,73.381348,73.805916,73.237305,73.502655,72.681328,4299500
2015-11-20,73.692192,74.010612,73.555725,73.805916,72.981194,2559300
2015-11-23,73.798332,73.957542,73.267624,73.699776,72.876244,1739100
2015-11-24,73.040184,73.373772,72.706596,73.169067,72.351463,3092900
2015-11-25,73.419258,73.593628,73.108414,73.411674,72.591362,1869400
2015-11-27,73.692192,73.760422,73.282791,73.426842,72.606361,1149300
2015-11-30,73.449585,73.631538,72.97953,73.078087,72.261505,3943800
2015-12-01,73.502655,73.912056,73.070511,73.275208,72.456413,4305700
2015-12-02,73.070511,73.388931,72.645943,72.76725,71.954132,2731100
2015-12-03,72.76725,73.017441,71.440483,71.68309,70.882103,4340500
2015-12-04,71.880211,73.313118,71.68309,73.184227,72.366455,6020900
2015-12-07,73.191811,73.320694,72.744507,73.009857,72.194038,3007500
2015-12-08,71.766487,72.706596,71.45565,72.60804,71.796707,5002500
2015-12-09,72.100075,73.078087,71.41774,71.622444,70.822113,3663600
2015-12-10,71.743744,72.357849,71.501137,71.758911,70.957054,3009400
2015-12-11,70.955269,71.34951,70.235023,70.523125,69.735092,3887200
2015-12-14,70.788475,71.099319,70.174377,70.788475,69.997482,3927100
2015-12-15,71.304016,71.493553,70.05307,70.174377,69.390244,6689400
2015-12-16,70.515541,71.569374,70.05307,71.36467,70.567238,4880800
2015-12-17,71.758911,71.902954,69.651253,69.666412,68.986893,4642300
2015-12-18,69.226685,69.94693,69.075058,69.166039,68.491394,8431700
2015-12-21,69.492043,70.121307,69.416222,70.113724,69.42984,3865500
2015-12-22,70.447311,70.530708,69.545113,70.310844,69.625046,2663900
2015-12-23,70.568611,71.235786,70.416985,71.053825,70.360771,2170400
2015-12-24,70.841545,71.182716,70.788475,70.811218,70.120529,871400
2015-12-28,70.652008,70.924942,70.409401,70.818802,70.128036,1691200
2015-12-29,71.266113,71.713417,71.038666,71.394997,70.698616,2190800
2015-12-30,71.326759,71.47081,70.614105,70.773315,70.082993,1670100
2015-12-31,70.439728,71.023506,70.310844,70.416985,69.730141,2290100
