2014-01-02,82.110001,82.57,81.800003,82.019997,75.707832,4253400
2014-01-03,81.910004,82.480003,81.830002,81.889999,75.587852,3897900
2014-01-06,81.650002,81.980003,81.099998,81.099998,74.85865,11188800
2014-01-07,81.309998,81.919998,81.080002,81.5,75.227859,4630900
2014-01-08,81.540001,81.940002,81.029999,81.93,75.624771,4662300
2014-01-09,81.900002,81.940002,80.970001,81.57,75.292488,4966000
2014-01-10,81.720001,82.040001,81.419998,82.010002,75.698616,4981000
2014-01-13,81.610001,82.129997,80.959999,80.970001,74.73864,6952400
2014-01-14,81.279999,81.489998,80.610001,81.010002,74.775597,5217300
2014-01-15,80.849998,81.43,80.739998,81.07,74.830956,5196800
2014-01-16,80.900002,81.379997,80.779999,81.260002,75.006332,4871200
2014-01-17,81.32,81.349998,80.650002,81.0,74.766335,6178000
2014-01-21,81.300003,81.5,79.809998,80.459999,74.267883,6932800
2014-01-22,80.660004,80.809998,79.919998,80.199997,74.027901,5821600
2014-01-23,79.620003,80.300003,79.190002,80.239998,74.064827,6387000
2014-01-24,79.610001,80.0,79.160004,79.160004,73.067947,7118300
2014-01-27,78.860001,79.169998,78.519997,78.940002,72.864876,6591200
2014-01-28,78.419998,78.93,77.82,78.540001,72.495667,10586500
2014-01-29,78.279999,78.75,76.629997,76.68,70.778793,9195300
2014-01-30,77.230003,77.760002,76.650002,76.93,71.009567,6820900
2014-01-31,76.199997,77.470001,75.849998,76.849998,70.935722,10592200
2014-02-03,76.639999,76.730003,74.93,75.089996,69.311172,9527000
2014-02-04,75.510002,75.849998,74.169998,74.970001,69.200401,9573400
2014-02-05,74.730003,75.550003,73.959999,75.260002,69.468094,10080300
2014-02-06,75.190002,76.199997,75.169998,76.160004,70.298836,6107100
2014-02-07,76.169998,76.599998,75.849998,76.449997,70.566498,6194200
2014-02-10,76.559998,76.589996,75.879997,76.410004,70.529594,6343600
2014-02-11,76.440002,76.989998,76.169998,76.699997,70.797249,6292900
2014-02-12,76.910004,77.330002,76.669998,77.279999,71.332619,7345900
2014-02-13,77.339996,77.870003,76.940002,77.589996,71.618759,6586900
2014-02-14,77.75,78.129997,77.32,77.93,71.932594,4752300
2014-02-18,77.919998,78.080002,77.07,77.57,71.600304,4954700
2014-02-19,77.25,77.519997,76.400002,76.449997,70.566498,7767800
2014-02-20,76.589996,77.559998,76.540001,77.480003,71.517235,5852200
2014-02-21,77.360001,78.040001,77.360001,77.739998,71.757225,7764500
2014-02-24,77.839996,78.25,77.459999,77.870003,71.877235,11739500
2014-02-25,79.68,81.0,79.330002,80.980003,74.747871,13421700
2014-02-26,80.989998,82.709999,80.790001,81.699997,75.412468,9737800
2014-02-27,81.660004,82.199997,80.610001,81.970001,75.66169,6040900
2014-02-28,81.889999,83.099998,81.389999,82.029999,75.717079,7239600
2014-03-03,80.730003,82.029999,80.620003,82.0,75.689377,8359500
2014-03-04,82.889999,83.199997,82.709999,82.870003,76.492424,6367600
2014-03-05,82.910004,83.199997,82.580002,82.910004,76.52935,5069900
2014-03-06,82.779999,82.889999,82.230003,82.410004,76.067833,6168400
2014-03-07,82.610001,82.669998,82.040001,82.550003,76.197067,5287700
2014-03-10,82.440002,82.540001,81.730003,82.18,75.855537,4139000
2014-03-11,81.690002,81.849998,81.050003,81.290001,75.46563,4667900
2014-03-12,80.730003,80.849998,80.239998,80.559998,74.787926,7048700
2014-03-13,81.059998,81.059998,78.720001,78.800003,73.154015,7665800
2014-03-14,78.82,79.879997,78.790001,79.379997,73.692474,6739000
2014-03-17,79.57,80.190002,79.25,79.580002,73.878128,5547600
2014-03-18,79.650002,80.559998,79.620003,79.82,74.100952,5032600
2014-03-19,79.970001,80.489998,79.400002,79.75,74.03598,6568400
2014-03-20,79.709999,80.239998,79.470001,80.089996,74.351608,5097800
2014-03-21,80.779999,81.900002,80.25,80.419998,74.657951,10086100
2014-03-24,80.410004,80.459999,79.199997,79.660004,73.952408,7574200
2014-03-25,80.050003,80.089996,79.160004,79.470001,73.776031,5375500
2014-03-26,79.489998,79.779999,78.699997,78.870003,73.219009,6364600
2014-03-27,78.629997,79.019997,78.370003,78.68,73.042625,5803300
2014-03-28,78.919998,79.5,78.489998,78.720001,73.079758,5132700
2014-03-31,79.209999,79.330002,78.839996,79.129997,73.460381,5736200
2014-04-01,79.239998,80.290001,79.239998,79.379997,73.692474,6697600
2014-04-02,79.540001,80.760002,79.489998,79.949997,74.221634,6611700
2014-04-03,79.949997,80.019997,78.980003,79.400002,73.711037,5505400
2014-04-04,79.639999,79.699997,78.489998,78.720001,73.079758,6422000
2014-04-07,78.690002,78.690002,77.029999,77.129997,71.603676,11121300
2014-04-08,76.910004,77.440002,76.419998,77.110001,71.585121,7371000
2014-04-09,77.239998,77.93,77.139999,77.760002,72.18853,8027600
2014-04-10,77.620003,78.220001,76.699997,76.779999,71.278755,6201500
2014-04-11,76.620003,77.059998,75.650002,75.699997,70.276154,8399100
2014-04-14,76.300003,76.860001,75.510002,75.970001,70.526794,8677200
2014-04-15,76.290001,76.400002,74.610001,75.889999,70.45253,7022900
2014-04-16,76.419998,76.580002,75.800003,76.580002,71.093086,6104700
2014-04-17,76.260002,77.68,75.910004,77.089996,71.566536,6875000
2014-04-21,78.349998,78.349998,77.669998,77.959999,72.374214,6253300
2014-04-22,78.739998,80.230003,78.629997,79.669998,73.961685,11188400
2014-04-23,79.870003,80.050003,78.440002,78.519997,72.894089,7497000
2014-04-24,78.970001,79.809998,78.720001,79.769997,74.054535,7271600
2014-04-25,79.410004,79.699997,79.029999,79.379997,73.692474,6381400
2014-04-28,79.529999,81.150002,79.330002,80.169998,74.425873,14562400
2014-04-29,80.32,80.32,79.519997,79.519997,73.822433,5146500
2014-04-30,79.739998,79.739998,78.730003,79.510002,73.813156,8524700
2014-05-01,79.510002,79.650002,78.949997,79.330002,73.646042,3936700
2014-05-02,79.32,80.160004,79.160004,79.400002,73.711037,3738400
2014-05-05,79.040001,79.18,78.559998,78.690002,73.051918,3521000
2014-05-06,78.639999,78.760002,77.349998,77.419998,71.872902,6475800
2014-05-07,77.849998,77.959999,76.519997,77.080002,71.557274,5378600
2014-05-08,76.940002,77.730003,76.660004,77.050003,71.529411,5485100
2014-05-09,77.059998,77.75,76.809998,77.709999,72.142113,4345800
2014-05-12,77.82,78.440002,77.75,78.269997,72.662003,4324200
2014-05-13,78.360001,78.68,77.040001,77.269997,71.733643,5455500
2014-05-14,77.330002,77.370003,76.169998,76.309998,70.84243,6870000
2014-05-15,76.050003,76.290001,75.32,76.239998,70.777451,6304700
2014-05-16,76.790001,77.370003,76.660004,77.360001,71.817207,7039400
2014-05-19,76.580002,77.07,76.370003,76.5,71.018822,7733800
2014-05-20,77.919998,78.82,77.400002,77.959999,72.374214,15432200
2014-05-21,78.25,78.510002,77.75,78.080002,72.485611,6693900
2014-05-22,77.760002,79.050003,77.760002,78.779999,73.13546,5265900
2014-05-23,78.769997,79.400002,78.510002,79.18,73.506798,5003100
2014-05-27,79.379997,80.0,79.300003,79.690002,73.980255,4760600
2014-05-28,79.75,80.0,79.269997,79.68,73.970978,4002200
2014-05-29,79.879997,79.989998,79.440002,79.900002,74.175217,4408900
2014-05-30,79.769997,80.269997,79.580002,80.230003,74.481567,4528000
2014-06-02,80.25,81.059998,80.169998,80.839996,75.047867,6817700
2014-06-03,80.190002,80.879997,80.150002,80.669998,75.327995,5477700
2014-06-04,80.32,80.889999,80.059998,80.540001,75.206612,4961600
2014-06-05,80.669998,80.860001,80.279999,80.379997,75.057182,5666400
2014-06-06,80.580002,81.269997,80.510002,80.639999,75.29998,4460300
2014-06-09,80.629997,81.32,80.419998,80.610001,75.271965,3718600
2014-06-10,80.260002,80.849998,80.220001,80.739998,75.393364,4249500
2014-06-11,80.459999,80.730003,79.760002,79.809998,74.524948,4918100
2014-06-12,79.730003,79.779999,78.199997,78.43,73.236336,7643300
2014-06-13,78.489998,78.589996,77.75,78.07,72.900162,7971800
2014-06-16,77.959999,79.089996,77.959999,78.900002,73.675209,7164400
2014-06-17,78.839996,80.459999,78.730003,80.019997,74.721031,9587300
2014-06-18,80.029999,80.760002,79.790001,80.709999,75.365334,8071500
2014-06-19,80.709999,80.849998,79.949997,80.440002,75.113235,5095400
2014-06-20,80.690002,80.800003,79.860001,80.169998,74.861107,13661000
2014-06-23,80.160004,80.800003,79.970001,80.639999,75.29998,4920400
2014-06-24,80.379997,80.830002,79.830002,80.43,75.103882,5579300
2014-06-25,80.360001,80.610001,80.120003,80.529999,75.197266,4486300
2014-06-26,80.449997,80.970001,80.120003,80.75,75.402695,5165200
2014-06-27,80.650002,81.470001,80.629997,81.129997,75.75753,5011000
2014-06-30,81.019997,81.230003,80.480003,80.959999,75.598785,5045300
2014-07-01,81.32,81.970001,81.220001,81.82,76.40184,5234600
2014-07-02,81.839996,82.18,81.620003,81.980003,76.551262,4185700
2014-07-03,82.07,82.349998,81.800003,82.050003,76.616631,2764000
2014-07-07,81.730003,82.089996,81.139999,81.419998,76.02832,6071000
2014-07-08,81.419998,81.529999,80.550003,80.760002,75.412048,7322900
2014-07-09,81.110001,81.230003,80.18,80.730003,75.384041,6980600
2014-07-10,79.050003,79.580002,77.949997,79.400002,74.142097,11530900
2014-07-11,79.589996,79.900002,79.209999,79.610001,74.338211,4746400
2014-07-14,79.919998,80.059998,79.190002,79.459999,74.198128,7657200
2014-07-15,79.5,80.059998,79.419998,79.860001,74.571632,6051900
2014-07-16,80.040001,80.239998,79.379997,79.660004,74.384888,9033700
2014-07-17,79.449997,79.879997,79.230003,79.550003,74.282158,7697300
2014-07-18,79.800003,80.279999,79.449997,80.080002,74.777069,5323200
2014-07-21,80.010002,80.029999,79.529999,79.709999,74.431564,4112800
2014-07-22,80.360001,80.75,80.199997,80.540001,75.206612,6336100
2014-07-23,80.459999,81.089996,80.209999,81.019997,75.654823,3669200
2014-07-24,81.190002,81.540001,80.889999,81.199997,75.822891,4359600
2014-07-25,81.099998,81.300003,80.889999,81.029999,75.664162,4680100
2014-07-28,81.199997,81.339996,80.660004,81.07,75.701508,3441600
2014-07-29,81.209999,81.809998,80.889999,80.980003,75.617462,4536500
2014-07-30,81.5,81.849998,81.07,81.760002,76.34581,5807300
2014-07-31,81.089996,81.580002,80.849998,80.849998,75.496071,5748900
2014-08-01,80.559998,81.080002,79.739998,79.75,74.46891,8708000
2014-08-04,79.699997,80.25,79.660004,80.029999,74.730377,7025000
2014-08-05,79.779999,80.860001,79.779999,80.029999,74.730377,5895500
2014-08-06,79.940002,81.019997,79.849998,80.519997,75.187927,4228200
2014-08-07,80.75,81.07,80.290001,80.470001,75.141243,4045900
2014-08-08,81.07,82.459999,80.879997,82.43,76.971458,7226500
2014-08-11,82.610001,83.07,82.5,82.879997,77.39164,3952000
2014-08-12,82.75,83.089996,82.68,82.919998,77.429008,3657100
2014-08-13,82.980003,83.389999,82.739998,83.120003,77.615761,4498700
2014-08-14,83.089996,83.970001,82.739998,83.860001,78.306755,4923000
2014-08-15,84.040001,84.089996,82.849998,83.690002,78.148018,5383500
2014-08-18,84.209999,84.620003,83.290001,83.589996,78.054619,9475300
2014-08-19,86.900002,88.989998,86.57,88.230003,82.387383,18244600
2014-08-20,88.169998,91.07,88.080002,90.75,84.740501,13394200
2014-08-21,90.68,91.809998,90.669998,91.150002,85.114014,8315900
2014-08-22,90.739998,91.330002,90.650002,91.029999,85.001953,6939200
2014-08-25,91.25,91.82,90.949997,91.199997,85.16069,7328700
2014-08-26,90.980003,91.830002,90.900002,91.629997,85.56221,5396400
2014-08-27,91.68,91.959999,91.309998,91.870003,85.786331,4320200
2014-08-28,91.400002,92.730003,91.269997,92.510002,86.383957,7575700
2014-08-29,92.739998,93.519997,92.610001,93.5,87.308388,7672200
2014-09-02,93.040001,93.309998,89.849998,91.150002,85.544014,20753200
2014-09-03,91.110001,91.309998,88.980003,89.0,83.526245,15410400
2014-09-04,89.0,90.75,89.0,89.93,84.399048,8452200
2014-09-05,89.660004,91.639999,89.279999,91.610001,85.975723,7746400
2014-09-08,91.379997,91.779999,90.57,90.82,85.234314,4885900
2014-09-09,90.209999,90.330002,88.779999,88.93,83.460548,8103000
2014-09-10,88.660004,89.400002,88.330002,89.25,83.760872,6245400
2014-09-11,89.07,89.419998,88.620003,89.220001,83.732719,4537800
2014-09-12,89.379997,89.5,88.459999,88.839996,83.376083,4593700
2014-09-15,89.18,89.540001,88.599998,89.379997,83.882874,3935000
2014-09-16,89.269997,90.739998,88.529999,90.269997,84.718124,5045100
2014-09-17,90.629997,91.540001,89.940002,91.220001,85.609726,7068800
2014-09-18,91.830002,92.440002,91.199997,92.089996,86.426193,6025100
2014-09-19,92.849998,93.75,92.199997,92.339996,86.660828,12498800
2014-09-22,91.980003,92.419998,91.68,91.889999,86.238503,5208800
2014-09-23,91.790001,92.220001,91.449997,91.489998,85.863106,6330000
2014-09-24,91.68,93.110001,91.349998,93.019997,87.299004,6381400
2014-09-25,92.800003,93.0,91.550003,91.900002,86.247887,4972100
2014-09-26,92.290001,93.0,91.800003,92.839996,87.130066,4571400
2014-09-29,92.370003,93.169998,91.949997,92.879997,87.167618,3894600
2014-09-30,93.029999,93.209999,91.400002,91.739998,86.097725,6773000
2014-10-01,92.139999,92.339996,90.919998,91.019997,85.422012,5970700
2014-10-02,91.309998,92.459999,91.07,92.239998,86.566963,5991200
2014-10-03,92.519997,93.68,92.339996,93.540001,87.787025,6200100
2014-10-06,93.720001,94.25,93.059998,93.260002,87.524254,4951700
2014-10-07,93.040001,93.559998,92.440002,92.470001,86.782845,5030300
2014-10-08,92.57,94.160004,92.239998,94.089996,88.3032,6618900
2014-10-09,93.910004,94.790001,93.019997,93.07,87.345932,6674700
2014-10-10,93.230003,93.860001,92.540001,92.550003,86.857925,6349800
2014-10-13,92.879997,92.940002,90.43,90.599998,85.02784,7372200
2014-10-14,90.370003,90.529999,88.519997,90.099998,84.558586,9711300
2014-10-15,88.089996,89.169998,86.620003,87.849998,82.44696,12987500
2014-10-16,86.349998,89.720001,86.349998,88.879997,83.41362,7147600
2014-10-17,89.300003,91.120003,89.050003,90.239998,84.689987,7007300
2014-10-20,89.870003,92.07,89.769997,91.849998,86.200966,5609400
2014-10-21,92.529999,94.370003,92.120003,94.199997,88.406433,6604700
2014-10-22,94.300003,94.989998,93.239998,93.339996,87.599335,5908900
2014-10-23,94.5,95.519997,94.440002,94.800003,88.969536,5923100
2014-10-24,94.599998,95.190002,94.129997,94.989998,89.147858,4825200
2014-10-27,94.959999,95.68,94.709999,95.470001,89.598328,4465100
2014-10-28,95.910004,96.599998,95.5,96.589996,90.649437,5260100
2014-10-29,96.620003,97.25,95.800003,96.419998,90.489883,4275400
2014-10-30,96.120003,97.800003,96.029999,97.519997,91.52224,4115800
2014-10-31,98.779999,99.260002,97.330002,97.519997,91.52224,6335900
2014-11-03,96.809998,96.830002,95.980003,96.089996,90.180168,7614200
2014-11-04,96.059998,96.18,95.190002,95.959999,90.058174,5349600
2014-11-05,96.589996,96.849998,95.150002,95.779999,89.889259,5002700
2014-11-06,96.349998,97.510002,96.010002,97.290001,91.306381,4016900
2014-11-07,97.169998,97.75,96.690002,97.650002,91.644249,3429600
2014-11-10,97.639999,98.169998,97.0,98.160004,92.122879,3662300
2014-11-11,98.459999,98.75,97.879997,98.139999,92.104111,3818400
2014-11-12,98.300003,98.699997,97.610001,98.489998,92.432579,4629400
2014-11-13,98.900002,99.360001,98.339996,99.0,92.911209,3182800
2014-11-14,98.900002,99.0,98.019997,98.239998,92.197952,4085500
2014-11-17,98.169998,98.949997,97.800003,98.029999,92.00087,8581600
2014-11-18,97.150002,97.709999,95.980003,95.980003,90.076958,10384400
2014-11-19,96.550003,97.309998,96.0,96.699997,90.752663,6831100
2014-11-20,96.080002,97.970001,96.019997,97.57,91.569153,4958800
2014-11-21,98.980003,99.099998,97.82,98.279999,92.235497,6806800
2014-11-24,98.68,98.900002,98.220001,98.400002,92.348114,5043600
2014-11-25,98.639999,98.870003,96.410004,97.010002,91.04361,7992000
2014-11-26,97.059998,97.709999,97.010002,97.699997,91.691162,4337900
2014-11-28,98.059998,99.800003,98.0,99.400002,93.286606,3305800
2014-12-01,99.489998,99.610001,98.309998,98.879997,92.798584,4393700
2014-12-02,98.620003,99.0,97.989998,98.160004,92.562859,4677700
2014-12-03,98.099998,98.739998,98.040001,98.589996,92.968323,4357200
2014-12-04,98.150002,99.110001,97.779999,98.949997,93.3078,5220000
2014-12-05,98.769997,99.68,98.660004,99.639999,93.958466,4649100
2014-12-08,99.709999,100.949997,99.660004,100.43,94.703407,6624300
2014-12-09,99.690002,99.980003,98.589996,99.639999,93.958466,5280500
2014-12-10,99.360001,100.230003,98.82,98.940002,93.29837,5357000
2014-12-11,99.279999,101.400002,99.150002,100.269997,94.552544,6864000
2014-12-12,99.690002,101.25,99.389999,99.779999,94.090477,5983300
2014-12-15,100.010002,101.239998,99.290001,100.050003,94.345093,5488300
2014-12-16,99.379997,100.230003,96.989998,97.059998,91.525574,7829300
2014-12-17,97.589996,99.139999,97.089996,98.940002,93.29837,6096400
2014-12-18,100.339996,100.690002,99.300003,100.669998,94.929718,6594000
2014-12-19,100.919998,102.0,100.809998,101.93,96.117882,12500600
2014-12-22,102.25,103.57,102.230003,103.5,97.598358,5418900
2014-12-23,103.660004,104.199997,103.32,103.760002,97.843536,4067700
2014-12-24,104.050003,104.379997,103.559998,103.559998,97.654938,1819000
2014-12-26,103.980003,104.32,103.480003,103.75,97.834114,2594900
2014-12-29,103.580002,104.800003,103.260002,104.529999,98.569633,3492700
2014-12-30,104.440002,104.739998,103.849998,104.269997,98.324471,2927800
2014-12-31,104.75,106.019997,104.559998,104.970001,98.98455,5821600
2015-01-02,105.160004,105.660004,102.669998,103.43,97.532379,4323700
2015-01-05,102.779999,102.779999,100.790001,101.260002,95.486099,5878100
2015-01-06,102.07,102.07,100.339996,100.949997,95.193748,4910100
2015-01-07,102.290001,104.470001,102.0,104.410004,98.456474,5091000
2015-01-08,105.370003,106.989998,105.019997,106.720001,100.634773,6464600
2015-01-09,106.879997,106.879997,104.82,104.889999,98.909103,5717600
2015-01-12,105.169998,105.290001,104.059998,104.419998,98.465897,4992900
2015-01-13,105.410004,106.040001,103.150002,103.730003,97.815254,5395200
2015-01-14,102.419998,103.410004,101.879997,102.639999,96.787407,5384400
2015-01-15,103.32,103.650002,100.82,101.010002,95.250343,6895000
2015-01-16,100.860001,104.309998,100.239998,104.120003,98.183006,6403800
2015-01-20,104.839996,104.949997,102.349998,103.25,97.362617,5331300
2015-01-21,103.050003,104.059998,102.5,103.529999,97.626656,5899200
2015-01-22,104.379997,106.309998,103.540001,106.07,100.021828,5804100
2015-01-23,106.209999,106.480003,105.309998,105.370003,99.361732,4072300
2015-01-26,105.360001,106.5,105.059998,106.360001,100.29528,4192300
2015-01-27,104.779999,105.809998,104.400002,105.160004,99.163719,4606500
2015-01-28,105.309998,107.43,104.599998,104.739998,98.767654,4917300
2015-01-29,105.139999,107.739998,104.510002,107.620003,101.483437,6529300
2015-01-30,106.360001,106.860001,104.379997,104.419998,98.465897,7000000
2015-02-02,104.779999,105.0,101.57,104.43,98.475342,5012800
2015-02-03,104.889999,107.32,104.809998,107.239998,101.125099,5969200
2015-02-04,107.089996,109.0,106.75,108.410004,102.228401,6765200
2015-02-05,108.980003,109.339996,108.150002,108.989998,102.775322,4471800
2015-02-06,109.279999,109.739998,108.459999,109.040001,102.822472,4223700
2015-02-09,108.879997,109.459999,108.040001,108.339996,102.162376,4243800
2015-02-10,108.790001,110.849998,108.660004,110.669998,104.359528,5414400
2015-02-11,110.599998,110.800003,109.809998,110.309998,104.020065,4552900
2015-02-12,110.809998,112.199997,110.209999,112.160004,105.764572,4592200
2015-02-13,112.010002,112.389999,111.300003,111.889999,105.509949,5098600
2015-02-17,111.690002,112.230003,110.620003,112.0,105.613693,6028600
2015-02-18,111.599998,112.169998,111.0,111.989998,105.604263,3731600
2015-02-19,112.010002,112.449997,110.639999,110.940002,104.614136,5910600
2015-02-20,110.809998,112.25,110.050003,112.239998,105.839996,7276100
2015-02-23,112.989998,113.160004,111.800003,112.279999,105.877716,5638000
2015-02-24,117.5,117.919998,115.129997,116.75,110.09285,12775500
2015-02-25,117.349998,117.349998,115.849998,116.309998,109.677933,7328200
2015-02-26,116.0,116.419998,115.199997,115.379997,108.800957,5649900
2015-02-27,115.190002,115.669998,114.559998,114.75,108.206886,5732600
2015-03-02,114.860001,117.059998,114.860001,116.120003,109.498764,5971900
2015-03-03,116.110001,116.120003,114.800003,116.07,109.451607,3784800
2015-03-04,115.389999,115.470001,114.25,114.760002,108.216301,3799000
2015-03-05,115.230003,116.099998,115.059998,115.910004,109.300735,4088700
2015-03-06,115.959999,115.959999,114.0,114.449997,107.923973,5169200
2015-03-09,114.379997,115.480003,114.370003,115.25,108.67836,5351200
2015-03-10,113.849998,114.339996,112.559998,112.559998,106.68792,5685000
2015-03-11,112.68,113.800003,112.410004,113.07,107.171318,4356500
2015-03-12,113.849998,116.459999,113.769997,116.099998,110.043243,5742000
2015-03-13,115.989998,116.309998,114.0,114.82,108.830032,4626900
2015-03-16,115.330002,116.610001,115.32,116.5,110.422371,4820300
2015-03-17,115.449997,116.080002,115.139999,115.580002,109.550377,3715900
2015-03-18,115.410004,116.419998,113.309998,116.080002,110.024284,4773600
2015-03-19,116.209999,116.43,115.07,115.160004,109.15229,3545600
2015-03-20,115.550003,117.989998,115.330002,117.489998,111.360725,8446000
2015-03-23,117.040001,117.75,116.07,116.07,110.014816,4095200
2015-03-24,116.199997,117.830002,116.040001,116.150002,110.090637,4026900
2015-03-25,115.959999,116.610001,113.639999,113.68,107.749496,4725800
2015-03-26,113.360001,113.43,111.580002,112.370003,106.507835,5409600
2015-03-27,112.080002,114.230003,112.0,113.860001,107.920113,3879300
2015-03-30,114.959999,116.050003,114.529999,114.629997,108.649925,3968400
2015-03-31,113.699997,115.370003,113.550003,113.610001,107.683159,4128800
2015-04-01,113.879997,114.0,112.43,113.129997,107.228195,4737700
2015-04-02,112.610001,114.919998,112.519997,114.540001,108.564629,4064800
2015-04-06,113.449997,115.550003,113.410004,114.949997,108.953239,3248900
2015-04-07,114.830002,115.790001,114.230003,114.300003,108.337158,3188300
2015-04-08,113.970001,115.809998,113.830002,115.589996,109.559853,3753500
2015-04-09,115.459999,116.25,114.139999,114.57,108.593063,4674000
2015-04-10,114.470001,115.650002,114.419998,115.239998,109.228104,3658100
2015-04-13,114.959999,115.43,114.349998,114.440002,108.469856,2982000
2015-04-14,114.199997,114.980003,113.110001,114.050003,108.100189,4072500
2015-04-15,114.580002,115.209999,113.379997,113.449997,107.531494,4210800
2015-04-16,113.339996,113.989998,113.019997,113.370003,107.455666,4013000
2015-04-17,112.910004,113.110001,111.769997,112.099998,106.251923,6245200
2015-04-20,113.0,113.690002,112.68,112.860001,106.972275,4396300
2015-04-21,113.5,113.980003,112.5,113.169998,107.26609,3899500
2015-04-22,113.199997,113.309998,112.190002,112.989998,107.095497,4065500
2015-04-23,112.739998,114.510002,112.559998,113.959999,108.014885,3945300
2015-04-24,113.879997,114.040001,112.900002,113.699997,107.768448,2878300
2015-04-27,114.050003,114.110001,111.279999,111.389999,105.578972,5618000
2015-04-28,110.900002,111.769997,110.050003,110.580002,104.811218,5743300
2015-04-29,110.169998,110.309998,108.07,108.709999,103.038765,7238900
2015-04-30,108.559998,109.209999,106.620003,106.980003,101.399033,9041600
2015-05-01,106.980003,109.790001,106.849998,109.550003,103.834953,6696900
2015-05-04,109.940002,110.449997,109.32,110.059998,104.318352,3366800
2015-05-05,109.199997,109.879997,107.980003,108.059998,102.422684,4164800
2015-05-06,108.199997,108.910004,107.239998,108.309998,102.659637,3996600
2015-05-07,108.400002,110.720001,108.25,110.040001,104.299393,5400200
2015-05-08,112.400002,113.480003,112.110001,112.470001,106.602631,6435300
2015-05-11,112.239998,112.910004,111.809998,111.900002,106.062347,3725200
2015-05-12,111.120003,112.82,110.830002,112.519997,106.650009,4053800
2015-05-13,112.919998,112.949997,111.099998,111.190002,105.389397,4340700
2015-05-14,112.050003,112.220001,110.830002,111.940002,106.100266,3815700
2015-05-15,111.919998,113.400002,111.82,113.349998,107.436707,4575800
2015-05-18,113.870003,114.599998,113.160004,114.330002,108.365593,6878200
2015-05-19,116.120003,116.480003,112.339996,112.339996,106.479416,11133200
2015-05-20,112.190002,112.889999,111.220001,112.099998,106.251923,7004500
2015-05-21,111.980003,112.330002,111.620003,112.010002,106.166626,4238600
2015-05-22,111.870003,112.529999,111.459999,112.160004,106.3088,3694000
2015-05-26,112.0,112.18,110.690002,110.93,105.142952,4612600
2015-05-27,111.040001,112.529999,110.809998,112.160004,106.3088,4147800
2015-05-28,111.910004,112.699997,111.860001,112.190002,106.337234,2806100
2015-05-29,111.839996,112.589996,111.370003,111.419998,105.607384,5310600
2015-06-01,111.970001,112.339996,111.25,111.669998,105.844353,5114500
2015-06-02,110.75,112.18,110.639999,111.589996,106.330307,6088200
2015-06-03,111.720001,113.480003,111.449997,113.160004,107.826309,6337500
2015-06-04,112.519997,113.160004,111.169998,111.459999,106.206436,4328600
2015-06-05,111.339996,111.360001,110.269997,110.370003,105.167831,4505400
2015-06-08,110.139999,110.809998,109.830002,109.93,104.74855,3449000
2015-06-09,109.790001,110.25,109.029999,109.529999,104.367416,3659000
2015-06-10,109.900002,111.190002,109.389999,110.980003,105.749077,3967900
2015-06-11,111.0,112.330002,111.0,111.290001,106.044464,3642800
2015-06-12,110.889999,111.589996,110.419998,110.599998,105.386971,4301900
2015-06-15,110.230003,110.459999,109.550003,110.010002,104.824791,3965200
2015-06-16,109.900002,110.449997,109.75,110.230003,105.034416,3466600
2015-06-17,110.730003,111.290001,109.959999,110.470001,105.2631,5722200
2015-06-18,111.059998,112.300003,110.760002,111.849998,106.578072,7222600
2015-06-19,111.639999,113.300003,111.440002,112.43,107.130722,9255100
2015-06-22,112.93,113.620003,112.779999,113.07,107.740555,3190200
2015-06-23,113.239998,113.589996,112.93,113.18,107.845383,3075900
2015-06-24,112.940002,113.68,112.349998,112.349998,107.054497,3716100
2015-06-25,113.239998,113.709999,112.239998,112.239998,106.949669,4466300
2015-06-26,112.769997,113.339996,112.230003,112.599998,107.292709,4208500
2015-06-29,111.559998,112.32,110.459999,110.540001,105.329811,5187400
2015-06-30,111.150002,111.760002,110.589996,111.129997,105.891998,5938800
2015-07-01,112.449997,112.809998,111.470001,112.07,106.787697,4216200
2015-07-02,112.580002,112.75,111.099998,111.489998,106.235031,3845000
2015-07-06,110.269997,111.93,110.169998,111.32,106.073036,3864700
2015-07-07,111.720001,112.639999,110.699997,112.400002,107.102142,5515900
2015-07-08,111.720001,112.459999,110.800003,111.0,105.76812,3794100
2015-07-09,112.32,112.589996,111.199997,111.379997,106.130211,3516000
2015-07-10,112.669998,113.480003,112.089996,113.099998,107.769142,4631400
2015-07-13,114.209999,115.019997,114.07,114.900002,109.484306,4171900
2015-07-14,114.5,115.529999,114.389999,115.360001,109.922615,3688900
2015-07-15,115.419998,116.150002,115.07,115.580002,110.132248,3364600
2015-07-16,115.870003,115.910004,113.830002,114.730003,109.322327,5234800
2015-07-17,114.489998,115.0,114.0,114.470001,109.07457,5497600
2015-07-20,112.25,114.110001,112.169998,113.410004,108.064529,6107500
2015-07-21,113.410004,113.970001,112.68,113.860001,108.493324,4660600
2015-07-22,113.959999,115.080002,113.800003,114.900002,109.484306,5485200
2015-07-23,115.209999,116.110001,114.43,114.589996,109.188904,4308900
2015-07-24,114.739998,115.230003,113.43,113.589996,108.236038,4427800
2015-07-27,113.370003,113.889999,112.709999,113.07,107.740555,4468200
2015-07-28,113.760002,115.029999,113.18,114.839996,109.427132,4176800
2015-07-29,115.160004,116.760002,115.110001,116.370003,110.885025,5104000
2015-07-30,115.940002,116.739998,115.349998,116.459999,110.970772,3291100
2015-07-31,116.980003,118.129997,116.370003,117.029999,111.513901,4301200
2015-08-03,117.620003,117.699997,116.160004,116.889999,111.380508,3645000
2015-08-04,116.629997,117.82,116.25,117.529999,111.990349,3008200
2015-08-05,118.379997,118.529999,117.099998,118.0,112.438187,4299100
2015-08-06,118.389999,118.5,116.07,116.559998,111.066048,4768900
2015-08-07,116.699997,117.160004,115.779999,116.93,111.418617,3986100
2015-08-10,117.529999,118.339996,117.360001,117.599998,112.05703,3408900
2015-08-11,117.019997,118.139999,116.760002,117.690002,112.142815,4080000
2015-08-12,117.129997,117.879997,115.699997,117.690002,112.142815,4575800
2015-08-13,118.0,120.139999,117.790001,119.019997,113.41011,6255500
2015-08-14,119.300003,119.889999,118.459999,119.75,114.105698,5135500
2015-08-17,119.099998,120.75,118.730003,119.699997,114.058052,7255600
2015-08-18,121.830002,123.800003,121.150002,122.800003,117.011948,11021900
2015-08-19,122.669998,123.790001,122.129997,122.760002,116.973831,6481700
2015-08-20,121.980003,122.529999,120.540001,120.540001,114.858467,5555500
2015-08-21,119.540001,120.360001,116.150002,116.160004,110.684914,10190700
2015-08-24,110.050003,115.879997,92.169998,112.540001,107.235542,13983100
2015-08-25,117.0,117.0,110.889999,110.970001,105.739532,10221100
2015-08-26,114.059998,116.029999,112.080002,115.93,110.465759,9313200
2015-08-27,117.5,118.089996,115.330002,117.660004,112.11422,7579100
2015-08-28,117.43,118.459999,116.919998,117.519997,111.980797,5016000
2015-08-31,117.010002,117.489998,115.93,116.459999,110.970772,5444500
2015-09-01,113.989998,114.75,112.559998,113.07,108.289169,7392900
2015-09-02,114.830002,116.480003,114.32,116.480003,111.554977,6487400
2015-09-03,117.029999,118.080002,116.18,116.599998,111.669899,5302900
2015-09-04,114.68,115.690002,113.489998,114.419998,109.582092,5752000
2015-09-08,115.690002,116.639999,114.730003,116.43,111.507095,5775800
2015-09-09,117.110001,117.470001,113.699997,113.970001,109.151115,5316400
2015-09-10,114.0,115.410004,113.690002,114.489998,109.649124,5259100
2015-09-11,113.970001,115.459999,113.699997,115.440002,110.55896,4472800
2015-09-14,115.5,115.68,114.419998,114.730003,109.878967,4248700
2015-09-15,114.779999,116.629997,113.900002,116.18,111.26767,4994000
2015-09-16,116.080002,118.029999,115.970001,117.82,112.838326,5285100
2015-09-17,118.330002,119.82,117.269997,117.910004,112.924522,6607100
2015-09-18,116.510002,117.199997,114.980003,115.120003,110.252487,11366700
2015-09-21,115.959999,117.110001,115.269997,116.580002,111.650749,5201100
2015-09-22,115.400002,116.389999,114.889999,115.800003,110.903732,4631600
2015-09-23,115.849998,116.550003,115.660004,116.169998,111.258095,4084900
2015-09-24,115.339996,116.650002,114.839996,116.339996,111.420891,5172300
2015-09-25,117.230003,118.169998,116.040001,116.739998,111.803986,5478900
2015-09-28,116.529999,117.379997,113.849998,114.099998,109.275604,5994600
2015-09-29,114.209999,114.93,111.800003,112.910004,108.135925,7908800
2015-09-30,114.370003,115.629997,114.0,115.489998,110.606834,5395600
2015-10-01,116.230003,117.129997,114.739998,117.029999,112.081726,5215200
2015-10-02,115.559998,117.900002,114.709999,117.809998,112.828735,4359800
2015-10-05,118.75,119.290001,117.910004,119.199997,114.159973,4528700
2015-10-06,119.099998,119.199997,117.970001,118.68,113.661949,5275400
2015-10-07,119.199997,119.839996,118.489998,119.650002,114.590935,4680100
2015-10-08,119.309998,121.230003,119.150002,121.059998,115.94133,4958200
2015-10-09,121.269997,121.5,120.470001,121.330002,116.199913,3893500
2015-10-12,121.489998,122.449997,121.0,121.900002,116.745819,2861900
2015-10-13,121.769997,122.290001,121.139999,121.610001,116.468079,2971400
2015-10-14,121.330002,121.879997,119.559998,120.269997,115.184738,5200400
2015-10-15,120.620003,122.029999,120.400002,121.809998,116.659615,3448900
2015-10-16,121.629997,122.82,121.629997,122.739998,117.550278,4068800
2015-10-19,122.610001,123.199997,122.199997,123.099998,117.895065,3097700
2015-10-20,122.889999,123.169998,122.349998,122.849998,117.65564,3279100
2015-10-21,123.290001,124.019997,122.75,123.300003,118.086624,3491800
2015-10-22,123.900002,124.480003,122.879997,124.360001,119.101799,5855300
2015-10-23,125.010002,125.75,122.970001,124.610001,119.341225,5281600
2015-10-26,124.550003,125.660004,124.019997,125.010002,119.724319,4550200
2015-10-27,124.510002,125.089996,123.82,124.470001,119.207146,3674800
2015-10-28,124.379997,124.589996,122.220001,123.82,118.584618,6821500
2015-10-29,123.419998,124.07,122.75,123.629997,118.402664,4635300
2015-10-30,123.269997,124.75,123.269997,123.639999,118.412231,4991500
2015-11-02,124.239998,124.639999,123.379997,124.410004,119.149696,3715600
2015-11-03,124.230003,126.040001,123.809998,125.660004,120.346832,4313700
2015-11-04,125.480003,125.870003,124.620003,125.379997,120.078667,4101200
2015-11-05,125.459999,126.010002,124.949997,125.720001,120.404289,3059400
2015-11-06,125.269997,126.110001,124.82,125.980003,120.653305,3752000
2015-11-09,125.800003,126.120003,123.709999,124.5,119.23587,4988800
2015-11-10,124.489998,125.410004,124.040001,125.260002,119.963753,3872900
2015-11-11,125.43,125.43,124.519997,124.709999,119.436989,3240200
2015-11-12,124.18,124.970001,123.059998,123.809998,118.57505,4285700
2015-11-13,123.099998,123.25,119.900002,120.0,114.926147,8728800
2015-11-16,120.050003,121.029999,118.610001,120.839996,115.730621,7785700
2015-11-17,124.860001,126.339996,123.099998,126.18,120.844841,10517100
2015-11-18,126.440002,126.730003,124.660004,126.540001,121.189629,6502000
2015-11-19,126.529999,127.620003,125.949997,126.860001,121.496094,4662200
2015-11-20,127.360001,130.210007,127.089996,130.210007,124.704453,8191900
2015-11-23,130.210007,132.639999,130.210007,132.5,126.897629,6329700
2015-11-24,131.929993,133.929993,131.740005,133.600006,127.951096,6672700
2015-11-25,133.690002,135.240005,133.550003,134.649994,128.956696,5300900
2015-11-27,134.809998,135.470001,134.529999,134.740005,129.042908,3337700
2015-11-30,135.199997,135.320007,133.009995,133.880005,128.219299,8057900
2015-12-01,133.520004,134.630005,133.259995,134.429993,129.315887,5267600
2015-12-02,134.559998,134.649994,133.570007,133.809998,128.719482,5022700
2015-12-03,133.520004,134.119995,130.800003,130.929993,125.949036,6688000
2015-12-04,131.550003,134.830002,131.350006,134.529999,129.412094,5387100
2015-12-07,134.0,134.789993,133.190002,133.929993,128.834915,5444300
2015-12-08,132.710007,134.559998,132.410004,133.839996,128.748337,4731400
2015-12-09,133.210007,134.779999,131.509995,131.899994,126.882133,5055600
2015-12-10,131.960007,133.589996,131.800003,132.539993,127.49778,4185600
2015-12-11,132.539993,132.539993,130.309998,130.440002,125.477699,5300800
2015-12-14,131.089996,132.130005,130.710007,132.009995,126.987953,5960100
2015-12-15,132.619995,133.490005,131.190002,131.289993,126.295341,4921800
2015-12-16,132.169998,133.279999,130.360001,132.899994,127.844093,4711700
2015-12-17,133.059998,133.539993,131.0,131.350006,126.353081,4345800
2015-12-18,130.729996,131.309998,130.009995,130.289993,125.333397,9840600
2015-12-21,131.0,131.610001,130.179993,131.309998,126.314575,3414800
2015-12-22,131.369995,132.279999,130.460007,131.880005,126.862923,3401900
2015-12-23,132.490005,133.339996,131.880005,133.110001,128.046112,3244800
2015-12-24,132.800003,133.479996,132.660004,132.899994,127.844093,1517100
2015-12-28,132.25,132.899994,131.889999,132.679993,127.632454,2607200
2015-12-29,133.369995,134.330002,133.279999,133.699997,128.613678,3037400
2015-12-30,133.580002,134.059998,133.279999,133.350006,128.276978,2484700
2015-12-31,133.080002,133.570007,132.240005,132.25,127.218826,3172200
