2014-01-02,110.0,114.449997,109.550003,113.279999,82.27681,495700
2014-01-03,114.82,119.220001,114.779999,117.239998,85.153015,525300
2014-01-06,119.190002,120.050003,115.059998,117.260002,85.167534,290100
2014-01-07,117.889999,118.989998,115.980003,116.629997,84.709953,194600
2014-01-08,117.639999,118.0,115.5,117.260002,85.167534,149300
2014-01-09,117.75,117.989998,115.199997,116.400002,84.542908,151900
2014-01-10,117.160004,117.400002,116.099998,116.970001,84.956917,118600
2014-01-13,115.800003,116.43,112.010002,112.419998,81.652176,337900
2014-01-14,112.589996,115.190002,112.589996,113.610001,82.516487,250100
2014-01-15,114.080002,115.5,113.099998,114.93,83.475227,207500
2014-01-16,114.559998,114.900002,111.57,111.919998,81.289024,210400
2014-01-17,111.75,112.75,107.550003,108.959999,79.139137,445600
2014-01-21,109.589996,109.989998,106.169998,108.480003,78.790489,377300
2014-01-22,108.150002,113.25,107.559998,112.989998,82.066154,373800
2014-01-23,116.0,116.489998,111.529999,114.919998,83.467957,317200
2014-01-24,114.940002,114.940002,108.400002,110.379997,80.170494,375100
2014-01-27,111.480003,112.540001,107.190002,111.389999,80.904076,212300
2014-01-28,108.0,112.0,108.0,111.089996,80.686172,197100
2014-01-29,110.0,111.190002,108.099998,110.0,79.894501,259400
2014-01-30,110.389999,112.919998,110.0,111.57,81.034798,139800
2014-01-31,110.0,111.720001,109.099998,110.43,80.206802,137300
2014-02-03,110.0,110.800003,100.540001,103.099998,74.882927,426000
2014-02-04,103.339996,105.779999,103.199997,104.660004,76.015984,202900
2014-02-05,101.540001,103.93,99.0,103.120003,74.897469,394900
2014-02-06,103.470001,107.209999,102.160004,106.730003,77.519455,227800
2014-02-07,108.0,111.410004,108.0,110.75,80.439232,215100
2014-02-10,112.519997,112.519997,108.0,108.699997,78.950294,199100
2014-02-11,109.989998,111.940002,108.699997,110.220001,80.054283,150000
2014-02-12,112.82,112.82,110.220001,111.029999,80.642593,130200
2014-02-13,110.0,113.150002,109.580002,112.529999,81.732063,334900
2014-02-14,112.639999,113.190002,111.300003,112.459999,81.681229,102000
2014-02-18,116.470001,116.900002,113.379997,114.93,83.475227,368300
2014-02-19,115.489998,116.0,112.080002,112.349998,81.601341,186900
2014-02-20,113.230003,113.82,112.0,112.370003,81.615868,138800
2014-02-21,112.279999,113.190002,110.0,110.290001,80.105125,206000
2014-02-24,111.0,112.239998,110.690002,110.779999,80.461029,167000
2014-02-25,111.0,112.290001,109.599998,109.650002,79.640274,101900
2014-02-26,110.0,111.5,108.779999,109.739998,79.705643,167400
2014-02-27,110.160004,111.620003,109.019997,111.199997,80.766083,106100
2014-02-28,111.279999,112.510002,110.540001,111.220001,80.780586,160200
2014-03-03,112.260002,113.589996,110.059998,112.519997,81.724815,239900
2014-03-04,115.0,115.800003,113.099998,114.830002,83.402596,223200
2014-03-05,115.650002,115.68,114.5,115.449997,83.85289,114400
2014-03-06,115.889999,118.68,115.550003,117.800003,85.559753,220900
2014-03-07,118.0,118.809998,116.0,116.690002,84.753548,125900
2014-03-10,116.839996,116.839996,113.07,115.910004,84.187019,203300
2014-03-11,114.089996,115.089996,112.330002,112.940002,83.105331,185300
2014-03-12,110.830002,111.82,107.949997,110.239998,81.118561,286200
2014-03-13,110.080002,110.980003,107.779999,108.07,79.521797,153900
2014-03-14,107.32,108.870003,105.300003,105.650002,77.741074,162500
2014-03-17,106.25,108.25,105.199997,105.540001,77.660149,137000
2014-03-18,105.110001,105.959999,104.5,104.959999,77.233368,182900
2014-03-19,104.5,105.0,101.279999,102.190002,75.195099,471700
2014-03-20,101.050003,103.900002,101.029999,102.5,75.42321,194900
2014-03-21,103.510002,103.900002,102.449997,102.599998,75.49678,168600
2014-03-24,102.790001,103.980003,99.010002,99.940002,73.539459,318100
2014-03-25,102.639999,103.139999,100.5,102.970001,75.769043,197000
2014-03-26,102.93,104.0,100.389999,100.559998,73.995682,195100
2014-03-27,100.5,101.919998,99.959999,101.309998,74.547546,132300
2014-03-28,101.769997,102.660004,100.050003,100.839996,74.201714,108000
2014-03-31,101.540001,102.989998,101.07,102.730003,75.592445,102300
2014-04-01,103.230003,104.199997,102.639999,102.730003,75.592445,150800
2014-04-02,102.889999,103.839996,100.279999,101.160004,74.437187,172200
2014-04-03,101.760002,101.980003,100.379997,100.699997,74.098694,96900
2014-04-04,101.260002,101.75,99.050003,99.800003,73.43644,138500
2014-04-07,98.510002,99.5,95.0,96.019997,70.654984,251200
2014-04-08,96.5,97.82,96.110001,97.309998,71.604195,105300
2014-04-09,97.68,101.239998,97.5,100.220001,73.745491,97900
2014-04-10,100.07,100.839996,97.220001,97.949997,72.075157,117300
2014-04-11,97.0,98.550003,94.800003,94.970001,69.882355,197000
2014-04-14,94.550003,94.900002,90.57,92.010002,67.704285,335200
2014-04-15,91.970001,92.480003,86.089996,90.760002,66.784485,570200
2014-04-16,92.379997,99.470001,91.669998,98.290001,72.32534,329200
2014-04-17,99.470001,102.209999,98.529999,100.279999,73.789635,260800
2014-04-21,101.0,102.0,99.080002,102.0,75.055275,152100
2014-04-22,100.82,104.0,100.110001,100.480003,73.936821,288700
2014-04-23,101.040001,101.25,98.309998,99.919998,73.52475,201800
2014-04-24,102.779999,103.0,100.089996,102.25,75.239235,334100
2014-04-25,102.989998,103.0,98.660004,99.330002,73.090599,166700
2014-04-28,100.0,101.5,97.5,100.209999,73.738129,198100
2014-04-29,101.459999,101.540001,100.019997,100.940002,74.275307,146800
2014-04-30,100.720001,101.949997,100.580002,100.980003,74.304741,81700
2014-05-01,100.980003,103.5,100.949997,103.029999,75.813194,141400
2014-05-02,102.150002,104.980003,102.150002,102.910004,75.724892,142500
2014-05-05,102.860001,104.5,102.300003,104.059998,76.571098,77800
2014-05-06,104.949997,104.949997,102.57,103.269997,75.989807,113600
2014-05-07,102.5,103.529999,98.669998,99.720001,73.377571,176000
2014-05-08,99.5,101.25,99.25,100.790001,74.16494,131500
2014-05-09,101.0,101.0,99.599998,100.900002,74.245865,50500
2014-05-12,101.5,102.25,101.230003,101.989998,75.047928,71000
2014-05-13,102.0,102.980003,101.25,101.440002,74.643219,62800
2014-05-14,101.309998,102.459999,101.309998,102.029999,75.077354,95400
2014-05-15,101.0,101.0,97.639999,99.610001,74.390289,137700
2014-05-16,99.07,100.0,98.5,99.089996,74.00193,54300
2014-05-19,99.419998,101.160004,99.290001,100.330002,74.928001,96400
2014-05-20,100.720001,100.720001,98.599998,99.309998,74.166237,94800
2014-05-21,99.32,100.440002,98.720001,99.769997,74.509766,124200
2014-05-22,99.989998,100.580002,99.620003,100.019997,74.69648,73700
2014-05-23,99.75,102.529999,99.75,102.239998,76.354408,139500
2014-05-27,102.699997,103.5,100.449997,101.959999,76.145302,95200
2014-05-28,103.0,103.410004,102.110001,103.400002,77.220718,115000
2014-05-29,103.339996,103.75,102.059998,102.5,76.548592,94600
2014-05-30,102.330002,103.330002,101.059998,102.400002,76.4739,85600
2014-06-02,98.5,100.379997,97.589996,98.290001,73.404495,407100
2014-06-03,98.349998,99.75,98.32,99.739998,74.487366,144800
2014-06-04,99.480003,100.400002,99.129997,99.879997,74.591911,120600
2014-06-05,100.800003,101.0,99.739998,101.0,75.42836,93000
2014-06-06,101.75,102.400002,100.610001,102.209999,76.332001,139900
2014-06-09,102.209999,102.660004,102.0,102.379997,76.458969,76400
2014-06-10,101.970001,102.379997,100.510002,101.199997,75.577705,97000
2014-06-11,100.699997,101.169998,100.0,100.410004,74.987747,72600
2014-06-12,100.019997,100.980003,99.029999,99.699997,74.457497,98400
2014-06-13,99.809998,100.839996,99.059998,100.550003,75.092293,81800
2014-06-16,100.599998,101.75,100.019997,100.849998,75.31633,68900
2014-06-17,100.209999,100.849998,99.809998,100.150002,74.793564,105700
2014-06-18,99.760002,100.540001,99.529999,100.199997,74.830902,82300
2014-06-19,100.620003,101.199997,100.010002,100.099998,74.756218,69400
2014-06-20,100.389999,100.809998,99.949997,100.190002,74.823433,89700
2014-06-23,100.0,100.709999,100.0,100.029999,74.703949,83700
2014-06-24,99.839996,100.459999,99.5,99.910004,74.614334,80000
2014-06-25,100.309998,100.559998,99.059998,99.269997,74.136368,96900
2014-06-26,99.989998,100.650002,98.360001,100.339996,74.935448,106600
2014-06-27,100.110001,100.559998,99.440002,99.720001,74.472435,73200
2014-06-30,100.0,100.489998,99.580002,99.699997,74.457497,64900
2014-07-01,100.510002,100.510002,99.150002,99.580002,74.367882,142000
2014-07-02,99.360001,100.989998,99.360001,100.949997,75.391022,119300
2014-07-03,100.870003,100.940002,100.080002,100.279999,74.890648,52300
2014-07-07,100.860001,101.459999,100.349998,101.449997,75.76442,90700
2014-07-08,101.5,101.5,99.739998,100.669998,75.181915,73100
2014-07-09,100.589996,100.989998,99.910004,100.209999,74.838379,64300
2014-07-10,99.769997,100.75,99.050003,100.089996,74.748741,107800
2014-07-11,100.220001,100.769997,99.760002,100.099998,74.756218,82200
2014-07-14,100.099998,100.830002,99.849998,99.940002,74.636742,63900
2014-07-15,99.949997,100.830002,99.620003,100.120003,74.771172,57000
2014-07-16,100.690002,100.830002,100.129997,100.739998,75.234192,63600
2014-07-17,100.889999,102.879997,100.559998,101.110001,75.510513,138300
2014-07-18,101.550003,103.300003,100.870003,103.150002,77.034012,98500
2014-07-21,103.150002,104.0,102.699997,103.330002,77.168442,117700
2014-07-22,103.129997,104.209999,102.260002,103.209999,77.078827,88500
2014-07-23,103.800003,107.209999,103.519997,106.870003,79.81218,202700
2014-07-24,107.589996,108.639999,105.389999,106.129997,79.259521,138900
2014-07-25,106.059998,107.080002,105.419998,105.870003,79.065361,84200
2014-07-28,106.849998,108.0,106.099998,107.809998,80.514168,98900
2014-07-29,108.5,108.5,105.82,106.709999,79.692673,90400
2014-07-30,107.480003,107.480003,105.059998,106.220001,79.326736,72300
2014-07-31,105.0,105.900002,103.540001,103.949997,77.631477,125600
2014-08-01,103.550003,103.989998,102.260002,102.510002,76.556053,89800
2014-08-04,102.940002,105.559998,102.82,104.760002,78.236374,80700
2014-08-05,107.0,108.089996,102.760002,103.510002,77.302879,164900
2014-08-06,102.0,103.790001,100.199997,103.730003,77.467171,124700
2014-08-07,104.07,104.650002,102.059998,102.449997,76.51123,82800
2014-08-08,102.529999,102.580002,101.620003,102.43,76.496315,88800
2014-08-11,103.110001,104.739998,103.0,104.209999,77.825638,126300
2014-08-12,104.230003,106.5,103.779999,105.300003,78.639679,147100
2014-08-13,105.239998,108.459999,105.239998,107.849998,80.544044,259800
2014-08-14,107.089996,107.959999,105.43,106.5,80.657646,124300
2014-08-15,107.0,108.93,106.260002,107.059998,81.081764,116800
2014-08-18,108.949997,109.25,108.010002,108.290001,82.013306,107800
2014-08-19,109.150002,109.150002,108.0,108.150002,81.907272,96900
2014-08-20,108.480003,109.68,108.300003,109.440002,82.884254,126900
2014-08-21,109.949997,112.190002,109.25,111.900002,84.747345,248300
2014-08-22,112.0,112.25,110.5,111.080002,84.126297,134800
2014-08-25,112.5,113.129997,111.089996,112.199997,84.974533,178900
2014-08-26,112.809998,113.0,111.57,112.360001,85.095711,113700
2014-08-27,113.080002,113.519997,111.879997,113.440002,85.913651,87800
2014-08-28,113.0,113.860001,112.150002,112.370003,85.103287,81900
2014-08-29,112.0,112.779999,111.629997,111.650002,84.557999,70600
2014-09-02,112.5,112.5,111.0,111.32,84.308075,101500
2014-09-03,112.07,112.389999,110.300003,110.709999,83.846092,110600
2014-09-04,110.959999,110.959999,108.650002,109.360001,82.823662,126700
2014-09-05,109.5,109.5,108.489998,109.260002,82.747932,63800
2014-09-08,109.919998,109.970001,109.019997,109.809998,83.164474,47600
2014-09-09,109.800003,109.989998,108.839996,108.839996,82.429848,59800
2014-09-10,109.139999,109.989998,108.709999,109.379997,82.838814,51700
2014-09-11,109.0,110.089996,108.620003,109.68,83.066017,65800
2014-09-12,109.760002,109.889999,109.099998,109.43,82.876678,54700
2014-09-15,109.5,109.870003,108.0,108.459999,82.142059,70000
2014-09-16,108.0,109.470001,108.0,108.720001,82.338959,47300
2014-09-17,109.199997,109.989998,108.400002,108.599998,82.248077,55300
2014-09-18,109.669998,110.699997,109.050003,110.559998,83.732491,84200
2014-09-19,111.0,111.0,109.779999,110.230003,83.482567,69700
2014-09-22,109.75,110.220001,107.25,108.089996,81.861832,109100
2014-09-23,108.0,108.019997,104.389999,105.580002,79.960884,152400
2014-09-24,105.339996,107.160004,105.019997,107.059998,81.081764,82800
2014-09-25,106.510002,106.779999,104.099998,105.510002,79.907867,95000
2014-09-26,105.57,107.440002,105.199997,107.080002,81.096916,52300
2014-09-29,105.57,106.900002,103.900002,104.349998,79.029343,145400
2014-09-30,105.150002,106.25,104.059998,105.839996,80.157806,97800
2014-10-01,106.470001,106.470001,102.809998,103.989998,78.756691,302700
2014-10-02,103.269997,104.760002,102.550003,104.209999,78.923317,109000
2014-10-03,104.760002,108.5,104.660004,107.099998,81.112061,162400
2014-10-06,108.0,109.43,107.150002,107.300003,81.263535,82600
2014-10-07,107.25,109.25,104.099998,105.139999,79.627655,143400
2014-10-08,105.0,107.0,104.199997,106.529999,80.680374,122800
2014-10-09,107.07,107.129997,104.309998,104.349998,79.029343,109200
2014-10-10,104.389999,105.57,103.349998,104.379997,79.052071,150100
2014-10-13,104.099998,104.669998,98.559998,99.669998,75.484955,316700
2014-10-14,99.889999,100.75,96.419998,97.260002,73.659752,316500
2014-10-15,96.080002,96.919998,90.5,94.57,71.622467,456400
2014-10-16,92.0,97.550003,90.830002,96.0,72.705498,235500
2014-10-17,97.580002,99.339996,96.75,97.150002,73.576431,173300
2014-10-20,97.150002,99.300003,96.5,98.360001,74.492836,180400
2014-10-21,100.040001,102.5,99.0,101.309998,76.727005,210000
2014-10-22,102.019997,102.400002,99.5,99.830002,75.606125,144200
2014-10-23,101.0,103.480003,99.839996,102.080002,77.310165,166800
2014-10-24,102.730003,103.0,101.230003,102.25,77.438919,100000
2014-10-27,101.419998,102.989998,101.400002,102.910004,77.938766,123200
2014-10-28,103.0,105.959999,102.260002,105.190002,79.665527,208100
2014-10-29,105.639999,105.639999,103.279999,104.489998,79.135376,155000
2014-10-30,103.739998,104.949997,102.949997,103.529999,78.408325,152900
2014-10-31,105.82,106.5,104.139999,105.580002,79.960884,157400
2014-11-03,106.610001,106.660004,104.739998,105.260002,79.718529,94300
2014-11-04,106.25,106.25,100.199997,103.309998,78.241714,241500
2014-11-05,103.949997,104.75,102.0,103.370003,78.287148,142900
2014-11-06,103.0,104.43,102.620003,104.360001,79.036919,91500
2014-11-07,104.419998,105.489998,103.5,104.629997,79.241394,133900
2014-11-10,104.129997,105.379997,104.129997,105.290001,79.741257,93200
2014-11-11,105.5,105.949997,105.050003,105.389999,79.816986,76100
2014-11-12,105.050003,105.970001,104.949997,105.339996,79.779129,91100
2014-11-13,104.389999,104.769997,103.459999,104.400002,80.209366,69400
2014-11-14,104.080002,105.900002,104.040001,105.309998,80.908508,89200
2014-11-17,105.309998,105.849998,103.93,104.800003,80.51667,91500
2014-11-18,104.800003,105.650002,104.010002,104.599998,80.363029,118600
2014-11-19,104.220001,105.989998,103.709999,105.07,80.724121,143600
2014-11-20,104.0,105.800003,104.0,105.129997,80.77021,136800
2014-11-21,105.910004,105.910004,104.150002,104.269997,80.109489,72100
2014-11-24,104.389999,105.589996,104.25,104.849998,80.555099,133300
2014-11-25,104.870003,105.5,104.870003,105.410004,80.985336,65100
2014-11-26,106.0,106.5,105.489998,106.110001,81.523148,108200
2014-11-28,106.25,108.0,106.139999,107.93,82.921425,166400
2014-12-01,107.400002,107.660004,103.129997,103.540001,79.548645,133400
2014-12-02,103.25,103.629997,102.059998,103.239998,79.318138,149800
2014-12-03,102.779999,103.709999,102.599998,102.989998,79.126083,85300
2014-12-04,102.989998,103.0,102.0,102.339996,78.626678,78900
2014-12-05,102.449997,102.449997,100.010002,100.57,77.266815,138900
2014-12-08,100.0,100.489998,96.620003,99.059998,76.106705,211900
2014-12-09,97.089996,99.050003,97.0,98.760002,75.876228,92500
2014-12-10,98.25,98.940002,96.400002,96.639999,74.247452,128200
2014-12-11,96.800003,98.440002,95.199997,95.870003,73.655869,99400
2014-12-12,95.010002,95.489998,92.0,92.559998,71.112823,247500
2014-12-15,92.5,93.459999,91.260002,91.839996,70.559662,148900
2014-12-16,90.510002,91.489998,90.010002,90.769997,69.737587,188800
2014-12-17,90.660004,95.580002,90.660004,94.269997,72.426598,150000
2014-12-18,95.940002,97.480003,95.309998,95.879997,73.663544,181600
2014-12-19,96.610001,96.610001,94.510002,94.93,72.933662,133400
2014-12-22,94.900002,95.949997,94.230003,94.529999,72.626358,134500
2014-12-23,94.720001,95.169998,93.080002,93.690002,71.980988,136500
2014-12-24,93.610001,94.879997,93.610001,94.25,72.411232,72600
2014-12-26,94.400002,95.599998,94.010002,94.110001,72.30368,109000
2014-12-29,94.0,94.5,92.389999,93.82,72.080872,174600
2014-12-30,92.75,93.989998,92.5,93.650002,71.950272,156500
2014-12-31,93.449997,93.989998,91.860001,92.470001,71.043678,214300
2015-01-02,93.419998,93.940002,91.550003,93.019997,71.46624,94200
2015-01-05,92.099998,92.730003,90.769997,91.260002,70.114044,149400
2015-01-06,91.790001,91.809998,89.599998,90.760002,69.729897,142100
2015-01-07,93.050003,93.07,90.410004,91.519997,70.313782,119800
2015-01-08,92.5,92.830002,92.0,92.669998,71.197342,98100
2015-01-09,92.790001,93.360001,92.25,93.099998,71.527695,111400
2015-01-12,93.099998,94.459999,91.0,91.010002,69.921974,235600
2015-01-13,91.489998,92.339996,90.269997,90.660004,69.653076,128800
2015-01-14,90.0,91.599998,89.599998,91.5,70.298439,151000
2015-01-15,92.559998,92.849998,90.760002,91.5,70.298439,99100
2015-01-16,91.809998,92.919998,90.849998,92.849998,71.335632,110700
2015-01-20,93.260002,93.989998,91.879997,92.230003,70.859291,68100
2015-01-21,92.0,96.529999,92.0,96.519997,74.155251,240400
2015-01-22,99.0,99.940002,95.900002,96.440002,74.093781,131600
2015-01-23,96.800003,98.07,95.089996,95.330002,73.240974,62700
2015-01-26,94.949997,98.470001,93.790001,97.690002,75.054153,127400
2015-01-27,96.760002,97.980003,95.360001,96.870003,74.424156,67400
2015-01-28,97.5,97.970001,96.129997,96.75,74.331955,65800
2015-01-29,96.75,97.769997,96.239998,97.239998,74.70842,99500
2015-01-30,96.860001,97.82,96.589996,96.870003,74.424156,125000
2015-02-02,96.699997,97.57,94.75,97.389999,74.823662,148900
2015-02-03,98.0,99.949997,96.900002,96.910004,74.45488,111300
2015-02-04,96.910004,97.790001,96.0,96.68,74.278175,49300
2015-02-05,97.480003,99.400002,96.690002,99.010002,76.068291,77300
2015-02-06,99.0,100.989998,98.25,100.440002,77.166946,121500
2015-02-09,100.080002,101.349998,100.080002,100.830002,77.466576,105200
2015-02-10,101.0,101.0,99.519997,99.82,76.690598,62700
2015-02-11,99.449997,100.32,97.790001,98.949997,76.022179,81800
2015-02-12,99.459999,100.43,99.0,99.93,76.775124,84100
2015-02-13,99.830002,100.43,99.139999,100.209999,76.990234,58500
2015-02-17,100.0,100.110001,99.0,99.370003,76.344872,58100
2015-02-18,98.610001,99.25,97.900002,98.599998,75.753281,64200
2015-02-19,98.449997,98.959999,97.889999,98.25,75.484398,46400
2015-02-20,98.099998,99.639999,97.5,98.949997,76.022179,71900
2015-02-23,99.169998,101.349998,98.669998,99.410004,76.375603,104500
2015-02-24,99.0,101.5,99.0,100.150002,76.944153,85800
2015-02-25,100.93,100.93,99.07,99.800003,76.67524,54100
2015-02-26,99.879997,100.599998,99.059998,99.510002,76.452446,69000
2015-02-27,99.269997,100.379997,97.5,97.669998,75.038788,125800
2015-03-02,97.309998,97.669998,92.5,93.199997,71.604523,285000
2015-03-03,92.769997,93.669998,92.639999,92.889999,71.366364,120600
2015-03-04,92.75,94.529999,92.669998,94.43,72.549515,144500
2015-03-05,93.650002,93.919998,92.059998,92.660004,72.338737,96800
2015-03-06,92.080002,93.300003,92.050003,92.419998,72.151367,86400
2015-03-09,92.0,93.690002,92.0,92.739998,72.401184,62900
2015-03-10,92.050003,92.620003,91.029999,91.459999,71.401917,84600
2015-03-11,91.099998,92.290001,91.059998,91.379997,71.339455,57700
2015-03-12,91.099998,91.93,90.040001,90.260002,70.46508,75200
2015-03-13,90.050003,91.760002,90.050003,90.980003,71.027191,75500
2015-03-16,91.160004,91.68,90.050003,90.43,70.597794,157000
2015-03-17,90.0,90.300003,88.510002,89.120003,69.575096,116800
2015-03-18,88.919998,91.650002,88.599998,90.769997,70.863228,112300
2015-03-19,90.580002,90.959999,90.0,90.110001,70.347977,101700
2015-03-20,90.779999,91.5,89.870003,90.230003,70.441666,87000
2015-03-23,89.769997,90.900002,89.010002,89.139999,69.590714,103400
2015-03-24,89.339996,91.0,89.099998,89.669998,70.004463,65400
2015-03-25,89.660004,90.809998,87.849998,88.050003,68.739754,191400
2015-03-26,87.830002,91.650002,87.580002,91.599998,71.511208,157100
2015-03-27,91.480003,91.599998,89.690002,89.809998,70.11377,102500
2015-03-30,90.5,91.650002,90.120003,90.910004,70.972527,125200
2015-03-31,90.260002,91.75,89.519997,89.660004,69.996674,115400
2015-04-01,89.43,91.209999,88.25,88.529999,69.114487,154800
2015-04-02,88.970001,89.75,88.029999,89.739998,70.05912,100000
2015-04-06,89.300003,90.720001,89.300003,90.290001,70.488495,66700
2015-04-07,90.849998,90.849998,90.260002,90.610001,70.738327,69500
2015-04-08,90.419998,91.199997,89.68,89.900002,70.184029,84100
2015-04-09,89.690002,90.300003,89.57,89.959999,70.230873,45900
2015-04-10,90.099998,93.080002,89.860001,90.610001,70.738327,185200
2015-04-13,90.449997,92.459999,90.129997,90.68,70.792969,140300
2015-04-14,90.849998,91.879997,90.360001,91.5,71.433136,86000
2015-04-15,91.5,92.190002,91.050003,91.279999,71.261383,73400
2015-04-16,91.220001,92.489998,91.019997,91.610001,71.519012,76800
2015-04-17,91.050003,91.910004,90.5,90.989998,71.034973,52100
2015-04-20,91.519997,91.940002,90.550003,90.769997,70.863228,67700
2015-04-21,90.980003,91.360001,90.5,90.699997,70.808578,56000
2015-04-22,91.220001,91.480003,90.580002,91.110001,71.128662,45800
2015-04-23,90.879997,91.959999,90.879997,91.5,71.433136,59300
2015-04-24,91.699997,92.980003,91.400002,92.379997,72.12014,51400
2015-04-27,92.360001,92.93,92.07,92.43,72.159164,80300
2015-04-28,91.949997,92.790001,91.639999,92.75,72.408997,42500
2015-04-29,91.800003,92.449997,91.449997,91.949997,71.784439,40500
2015-04-30,91.809998,92.239998,91.010002,91.550003,71.472183,129700
2015-05-01,91.849998,92.139999,91.440002,91.830002,71.690765,22600
2015-05-04,91.660004,92.32,91.25,91.540001,71.464355,35900
2015-05-05,91.190002,92.089996,91.120003,91.900002,71.745415,38200
2015-05-06,92.379997,92.389999,91.269997,91.449997,71.394089,39100
2015-05-07,91.260002,91.980003,90.550003,91.550003,71.472183,35300
2015-05-08,91.919998,92.400002,90.269997,90.660004,70.777367,68900
2015-05-11,90.660004,91.709999,90.660004,91.260002,71.245773,42700
2015-05-12,91.190002,92.139999,90.660004,91.489998,71.425331,40200
2015-05-13,91.75,92.269997,91.660004,92.199997,71.979607,35200
2015-05-14,92.449997,93.949997,92.209999,93.120003,72.697853,102200
2015-05-15,92.150002,92.150002,91.029999,91.849998,72.880348,56900
2015-05-18,91.870003,92.150002,91.029999,91.870003,72.896217,50800
2015-05-19,91.540001,92.339996,90.510002,91.379997,72.507416,52400
2015-05-20,91.900002,91.989998,90.720001,90.889999,72.118614,47200
2015-05-21,90.669998,91.940002,90.669998,91.93,72.943817,49800
2015-05-22,91.75,92.25,91.370003,91.5,72.602638,40700
2015-05-26,91.18,91.720001,90.949997,91.519997,72.6185,36700
2015-05-27,91.5,92.199997,90.510002,90.800003,72.047218,47700
2015-05-28,91.099998,91.099998,90.5,90.910004,72.134491,28100
2015-05-29,90.809998,91.139999,90.290001,90.510002,71.817108,28000
2015-06-01,90.620003,91.019997,89.75,89.959999,71.380699,59300
2015-06-02,89.059998,90.900002,89.059998,90.709999,71.975792,46500
2015-06-03,91.099998,91.190002,90.459999,90.510002,71.817108,31700
2015-06-04,90.050003,90.519997,89.760002,90.099998,71.491768,23300
2015-06-05,89.919998,90.540001,89.760002,90.169998,71.547325,35800
2015-06-08,90.300003,90.440002,89.0,89.300003,70.857002,40200
2015-06-09,89.239998,89.489998,88.5,89.029999,70.642761,61500
2015-06-10,89.110001,90.449997,88.900002,89.150002,70.737984,54300
2015-06-11,89.190002,89.190002,88.330002,88.830002,70.484077,67200
2015-06-12,88.029999,89.169998,87.75,88.93,70.563416,71900
2015-06-15,88.650002,89.120003,87.589996,87.800003,69.666801,54200
2015-06-16,87.0,87.790001,86.0,86.050003,68.278221,132300
2015-06-17,86.0,86.480003,86.0,86.370003,68.532135,67900
2015-06-18,86.300003,87.220001,86.300003,86.589996,68.706688,56700
2015-06-19,86.660004,86.870003,86.110001,86.760002,68.841591,52800
2015-06-22,86.169998,87.220001,86.040001,86.480003,68.619423,51500
2015-06-23,86.5,86.709999,86.290001,86.599998,68.714622,49100
2015-06-24,86.5,87.0,86.400002,86.419998,68.571808,49400
2015-06-25,86.629997,87.82,86.5,86.730003,68.817772,83700
2015-06-26,86.949997,87.660004,86.709999,86.989998,69.024086,40100
2015-06-29,86.5,87.769997,86.290001,86.349998,68.516266,107100
2015-06-30,87.220001,87.349998,86.050003,86.720001,68.809845,58100
2015-07-01,87.25,87.5,86.129997,86.459999,68.603546,55200
2015-07-02,86.25,86.489998,84.080002,84.370003,66.945183,181000
2015-07-06,83.349998,84.099998,81.010002,82.769997,65.675636,166800
2015-07-07,82.629997,84.959999,81.150002,84.629997,67.151489,171200
2015-07-08,83.360001,84.0,82.099998,82.099998,65.144005,85600
2015-07-09,83.410004,83.580002,81.550003,81.800003,64.90596,84200
2015-07-10,81.800003,82.300003,80.559998,81.160004,64.398148,89100
2015-07-13,81.089996,82.5,80.839996,82.269997,65.278893,82500
2015-07-14,82.269997,84.980003,82.110001,84.650002,67.167358,76300
2015-07-15,84.75,85.400002,84.169998,84.68,67.19117,79500
2015-07-16,84.82,86.540001,84.309998,86.169998,68.373428,99900
2015-07-17,86.199997,87.75,85.690002,86.57,68.690826,97400
2015-07-20,86.300003,86.57,85.290001,85.349998,67.722794,73400
2015-07-21,85.010002,86.389999,84.040001,85.839996,68.111588,141600
2015-07-22,85.050003,85.620003,82.25,83.190002,66.008888,102400
2015-07-23,83.370003,83.639999,81.610001,82.309998,65.310638,94700
2015-07-24,82.5,82.5,80.349998,80.849998,64.152176,110200
2015-07-27,80.57,80.709999,77.0,78.099998,61.970123,161200
2015-07-28,78.519997,81.0,77.510002,80.980003,64.255318,155700
2015-07-29,81.0,81.279999,79.699997,80.480003,63.858585,78500
2015-07-30,81.099998,82.989998,80.489998,81.949997,65.024986,91400
2015-07-31,81.93,82.290001,79.849998,81.220001,64.44577,91100
2015-08-03,80.220001,81.18,78.309998,78.5,62.287514,64800
2015-08-04,78.599998,79.0,78.0,78.400002,62.208164,90500
2015-08-05,78.650002,80.0,77.949997,77.949997,61.851097,98800
2015-08-06,77.949997,78.629997,75.150002,76.5,60.700565,134800
2015-08-07,75.860001,78.449997,75.209999,76.730003,60.883068,99800
2015-08-10,76.43,77.970001,76.0,76.830002,60.962406,147700
2015-08-11,77.349998,77.470001,75.5,76.25,60.502209,75200
2015-08-12,75.5,76.290001,73.769997,76.040001,60.335567,140400
2015-08-13,74.949997,75.190002,72.349998,73.400002,59.412811,146000
2015-08-14,72.599998,73.93,72.5,73.43,59.437096,53000
2015-08-17,72.809998,73.779999,72.5,73.620003,59.590893,121000
2015-08-18,73.660004,73.769997,72.120003,72.849998,58.967617,89500
2015-08-19,72.730003,73.43,71.470001,72.139999,58.392921,147600
2015-08-20,72.0,72.0,68.559998,68.800003,55.6894,236800
2015-08-21,68.660004,68.699997,66.5,67.43,54.58046,191700
2015-08-24,63.220001,69.519997,62.66,65.959999,53.390583,222000
2015-08-25,69.5,70.480003,67.25,68.25,55.244194,268300
2015-08-26,70.050003,70.099998,67.709999,69.699997,56.417885,133300
2015-08-27,70.800003,74.050003,70.75,72.360001,58.570992,191400
2015-08-28,73.68,74.349998,72.330002,74.239998,60.092739,98800
2015-08-31,74.339996,74.449997,73.139999,73.279999,59.315681,73400
2015-09-01,72.900002,73.040001,70.809998,71.0,57.470154,91400
2015-09-02,71.529999,71.650002,68.300003,69.160004,55.980793,145000
2015-09-03,68.93,70.730003,68.720001,68.800003,55.6894,77000
2015-09-04,68.589996,69.300003,67.550003,68.610001,55.535603,119400
2015-09-08,69.559998,69.980003,67.779999,69.43,56.199341,136600
2015-09-09,70.290001,70.290001,68.25,68.589996,55.519405,62000
2015-09-10,68.699997,69.900002,68.25,68.769997,55.6651,62100
2015-09-11,68.860001,68.860001,67.559998,68.239998,55.236107,48900
2015-09-14,68.43,68.75,68.0,68.610001,55.535603,58400
2015-09-15,68.940002,70.660004,68.669998,69.589996,56.328846,61200
2015-09-16,69.940002,71.330002,69.489998,71.120003,57.567287,58900
2015-09-17,70.769997,71.919998,70.769997,71.019997,57.486347,52000
2015-09-18,70.75,71.690002,70.019997,70.900002,57.389214,111600
2015-09-21,71.699997,71.800003,70.18,70.230003,56.846897,62300
2015-09-22,70.0,70.769997,69.0,70.760002,57.27589,91100
2015-09-23,70.57,71.0,69.0,69.0,55.85128,74600
2015-09-24,68.589996,68.989998,67.690002,68.68,55.592262,68900
2015-09-25,68.959999,69.230003,67.68,68.339996,55.317043,43000
2015-09-28,67.690002,67.989998,66.669998,67.110001,54.321434,78700
2015-09-29,66.919998,66.989998,65.129997,66.209999,53.592937,116600
2015-09-30,66.889999,67.5,66.550003,67.019997,54.248581,80400
2015-10-01,67.110001,71.709999,67.0,71.029999,57.494438,118100
2015-10-02,70.43,72.82,70.019997,72.529999,58.708591,107000
2015-10-05,72.82,75.300003,72.790001,75.029999,60.732197,117400
2015-10-06,75.400002,77.0,73.919998,74.529999,60.327473,127200
2015-10-07,75.099998,76.559998,74.720001,76.050003,61.557819,114000
2015-10-08,76.300003,77.900002,75.599998,77.419998,62.666756,70700
2015-10-09,78.43,79.919998,77.82,79.919998,64.690346,117400
2015-10-12,80.25,80.620003,78.68,78.93,63.889008,53700
2015-10-13,78.800003,79.410004,77.400002,77.559998,62.780067,48800
2015-10-14,77.580002,78.739998,77.580002,78.099998,63.217167,35800
2015-10-15,77.470001,79.260002,77.260002,78.220001,63.314312,40500
2015-10-16,77.860001,80.279999,77.860001,79.220001,64.123741,58500
2015-10-19,79.110001,79.610001,78.0,78.860001,63.832352,42600
2015-10-20,78.900002,79.199997,78.199997,78.43,63.484291,43100
2015-10-21,78.739998,79.5,76.800003,77.0,62.326786,80100
2015-10-22,77.940002,78.139999,75.93,76.0,61.517349,113400
2015-10-23,76.68,77.980003,76.580002,77.040001,62.359161,58800
2015-10-26,77.300003,78.059998,76.540001,77.0,62.326786,92200
2015-10-27,76.75,77.25,76.019997,76.900002,62.245842,46200
2015-10-28,77.690002,79.449997,76.309998,77.129997,62.432007,63000
2015-10-29,77.019997,79.0,76.029999,78.610001,63.629993,52600
2015-10-30,79.199997,79.940002,78.199997,79.209999,64.115639,76900
2015-11-02,79.139999,81.349998,79.139999,80.919998,65.499794,57500
2015-11-03,80.879997,80.910004,79.099998,79.300003,64.188515,93400
2015-11-04,79.669998,79.669998,77.769997,78.639999,63.654266,79400
2015-11-05,78.690002,79.900002,77.400002,77.660004,62.861031,52600
2015-11-06,78.0,78.0,77.0,77.169998,62.46439,40800
2015-11-09,76.75,77.5,76.309998,76.550003,61.962547,46900
2015-11-10,76.209999,77.800003,76.110001,77.699997,62.893398,42700
2015-11-11,77.75,78.25,76.82,76.82,62.181095,53900
2015-11-12,75.690002,75.690002,72.900002,72.900002,60.183243,68300
2015-11-13,73.080002,73.5,71.57,71.720001,59.209087,74200
2015-11-16,71.199997,71.699997,70.669998,71.089996,58.688984,50100
2015-11-17,70.959999,70.989998,68.5,69.709999,57.549713,120200
2015-11-18,69.870003,71.349998,69.870003,70.879997,58.51561,61100
2015-11-19,71.279999,72.940002,69.339996,70.470001,58.177139,81700
2015-11-20,70.830002,71.830002,70.07,70.209999,57.962486,62000
2015-11-23,69.879997,71.550003,69.879997,70.419998,58.135849,53100
2015-11-24,70.5,73.419998,70.150002,73.220001,60.447418,158200
2015-11-25,73.400002,74.849998,73.010002,74.370003,61.396812,91700
2015-11-27,74.559998,75.5,74.510002,75.300003,62.164585,56700
2015-11-30,75.5,75.5,73.510002,73.690002,60.83543,88600
2015-12-01,73.730003,74.959999,73.440002,74.5,61.504131,111400
2015-12-02,75.010002,75.760002,73.860001,74.550003,61.545414,120900
2015-12-03,74.559998,74.989998,72.25,72.839996,60.133705,99900
2015-12-04,72.599998,72.599998,67.5,68.150002,56.261833,380200
2015-12-07,67.82,68.599998,66.5,68.489998,56.542519,104200
2015-12-08,67.199997,69.339996,67.199997,68.959999,56.930534,115800
2015-12-09,67.779999,69.57,66.199997,67.099998,55.394993,154700
2015-12-10,67.080002,67.510002,66.099998,66.980003,55.295937,116500
2015-12-11,66.010002,67.050003,65.0,66.050003,54.528164,168600
2015-12-14,65.57,67.5,64.82,65.510002,54.082359,76600
2015-12-15,65.650002,66.370003,64.0,64.010002,52.844025,110000
2015-12-16,64.389999,66.43,64.010002,65.580002,54.140148,89400
2015-12-17,65.139999,65.800003,63.799999,63.799999,52.670658,138500
2015-12-18,63.5,63.93,63.09,63.290001,52.249619,80800
2015-12-21,63.439999,63.939999,63.0,63.419998,52.356941,92500
2015-12-22,63.419998,64.800003,63.09,63.950001,52.794491,138200
2015-12-23,63.950001,65.0,63.740002,64.949997,53.620049,121500
2015-12-24,64.419998,64.980003,64.400002,64.980003,53.644814,41900
2015-12-28,64.260002,64.519997,62.240002,62.970001,51.985439,142800
2015-12-29,62.93,63.5,61.139999,61.52,50.788383,152400
2015-12-30,61.139999,62.48,60.009998,62.119999,51.28371,249700
2015-12-31,61.5,62.0,60.509998,61.299999,50.606758,274100
