2014-01-02,58.310001,58.5,57.970001,58.209999,53.067211,15627600
2014-01-03,58.290001,58.950001,58.209999,58.66,53.47744,14214100
2014-01-06,59.16,59.470001,58.830002,59.0,53.787407,17550700
2014-01-07,59.290001,59.43,58.110001,58.32,53.16748,17851200
2014-01-08,58.540001,58.91,58.299999,58.869999,53.668892,14687400
2014-01-09,58.98,59.0,58.330002,58.759998,53.568619,13242500
2014-01-10,58.669998,58.759998,58.18,58.490002,53.322464,12694900
2014-01-13,58.509998,58.669998,57.529999,57.700001,52.602261,20711600
2014-01-14,58.299999,58.580002,57.560001,57.740002,52.638729,30272400
2014-01-15,57.73,59.650002,57.73,59.490002,54.234119,35186600
2014-01-16,58.790001,59.82,58.740002,58.990002,53.778294,21689400
2014-01-17,59.209999,59.23,58.029999,58.110001,52.97604,20997900
2014-01-21,58.09,58.439999,57.580002,58.169998,53.030731,19548300
2014-01-22,58.330002,58.330002,57.419998,57.59,52.501987,15433500
2014-01-23,57.09,57.099998,56.209999,56.470001,51.48093,26234600
2014-01-24,56.0,56.360001,55.09,55.09,50.222847,26833100
2014-01-27,55.080002,55.799999,54.689999,55.09,50.222847,23935000
2014-01-28,55.389999,56.34,55.240002,55.740002,50.815426,18041000
2014-01-29,54.959999,55.869999,54.849998,55.529999,50.623985,25459000
2014-01-30,56.07,56.389999,55.630001,56.0,51.052448,17031100
2014-01-31,55.5,56.110001,55.18,55.360001,50.468998,18174000
2014-02-03,55.5,55.919998,54.200001,54.310001,49.511765,28549900
2014-02-04,54.720001,55.349998,54.599998,54.950001,50.095222,20709300
2014-02-05,55.099998,55.450001,54.580002,55.209999,50.332245,19491600
2014-02-06,55.349998,56.549999,55.200001,56.48,51.490047,20881600
2014-02-07,56.650002,56.93,56.259998,56.619999,51.61768,23388500
2014-02-10,56.77,56.919998,56.389999,56.740002,51.727085,14715200
2014-02-11,56.610001,57.57,56.580002,57.43,52.356117,18774100
2014-02-12,57.34,57.709999,57.16,57.52,52.438171,13437900
2014-02-13,57.07,58.099998,56.959999,58.029999,52.903103,16605500
2014-02-14,57.889999,58.23,57.75,58.150002,53.012505,13067300
2014-02-18,58.02,58.650002,57.900002,58.490002,53.322464,14983800
2014-02-19,58.360001,58.540001,57.220001,57.259998,52.201134,18669900
2014-02-20,57.529999,57.970001,57.27,57.580002,52.492863,12457000
2014-02-21,57.59,57.84,57.369999,57.610001,52.52021,16790100
2014-02-24,57.619999,58.23,57.580002,58.029999,52.903103,16151400
2014-02-25,57.900002,57.98,56.919998,57.029999,51.991455,17991800
2014-02-26,57.369999,57.380001,56.220001,56.75,51.736195,23661700
2014-02-27,56.779999,56.889999,56.139999,56.689999,51.681496,16277500
2014-02-28,56.57,57.450001,56.389999,56.82,51.800011,18599000
2014-03-03,56.299999,56.419998,55.689999,56.209999,51.243893,19151000
2014-03-04,56.950001,57.360001,56.639999,57.259998,52.201134,17157000
2014-03-05,57.48,58.290001,57.360001,58.16,53.021626,17761500
2014-03-06,58.509998,59.09,58.400002,58.900002,53.696239,19420600
2014-03-07,59.349998,59.799999,59.07,59.400002,54.152077,18602200
2014-03-10,59.139999,59.48,58.869999,59.200001,53.969738,16945200
2014-03-11,59.419998,59.450001,58.130001,58.189999,53.048969,19420000
2014-03-12,57.700001,57.959999,57.419998,57.919998,52.80283,17932100
2014-03-13,58.0,58.34,57.189999,57.419998,52.347,17192500
2014-03-14,57.110001,57.529999,56.619999,56.799999,51.78178,18635800
2014-03-17,57.209999,57.700001,57.049999,57.580002,52.492863,13581400
2014-03-18,57.82,58.16,57.619999,58.060001,52.930458,12554800
2014-03-19,57.990002,58.93,57.889999,58.299999,53.14925,21450700
2014-03-20,58.360001,60.490002,58.130001,60.110001,54.799343,33736500
2014-03-21,60.959999,61.200001,60.0,60.169998,54.854046,35144100
2014-03-24,60.369999,61.189999,60.349998,61.07,55.674522,25810500
2014-03-25,61.110001,61.48,60.560001,60.93,55.546902,24053500
2014-03-26,61.240002,61.400002,59.889999,59.900002,54.607903,22745200
2014-03-27,59.939999,60.549999,59.02,59.919998,54.626122,24632600
2014-03-28,60.209999,60.59,59.68,60.040001,54.735531,14708700
2014-03-31,60.830002,61.02,60.599998,60.709999,55.346329,15216700
2014-04-01,60.950001,61.290001,60.369999,60.669998,55.309868,14584400
2014-04-02,60.369999,60.77,60.200001,60.48,55.484169,14012200
2014-04-03,60.650002,60.799999,60.279999,60.66,55.6493,11925200
2014-04-04,61.02,61.060001,59.799999,59.810001,54.869518,16966900
2014-04-07,59.689999,60.0,58.84,59.0,54.126419,18685700
2014-04-08,58.799999,59.02,58.25,58.849998,53.988811,16956500
2014-04-09,59.099998,59.450001,58.5,59.27,54.374126,15308400
2014-04-10,59.349998,59.389999,57.380001,57.400002,52.658592,29977200
2014-04-11,55.18,56.049999,54.549999,55.299999,50.732056,47241300
2014-04-14,55.849998,55.939999,54.48,54.959999,50.420143,31081500
2014-04-15,55.09,55.639999,54.349998,54.799999,50.273354,26691400
2014-04-16,55.0,55.349998,54.689999,55.259998,50.695354,27049400
2014-04-17,55.34,55.57,55.009998,55.220001,50.658672,17955400
2014-04-21,55.259998,55.41,54.990002,55.029999,50.48436,12384800
2014-04-22,55.040001,56.080002,54.939999,55.810001,51.199932,16257600
2014-04-23,55.799999,56.119999,55.560001,56.049999,51.420105,11379000
2014-04-24,56.07,56.259998,55.610001,56.189999,51.548538,15360600
2014-04-25,56.310001,56.349998,55.639999,55.700001,51.09901,15937700
2014-04-28,55.630001,55.700001,54.68,55.490002,50.906364,21394100
2014-04-29,55.73,56.310001,55.57,56.099998,51.465969,13453400
2014-04-30,56.240002,56.349998,55.720001,55.98,51.355885,14388100
2014-05-01,55.919998,56.189999,55.5,55.720001,51.117363,12744600
2014-05-02,55.830002,56.369999,55.439999,55.580002,50.98893,15153800
2014-05-05,53.880001,54.740002,53.700001,54.220001,49.741268,25232300
2014-05-06,54.040001,54.060001,53.32,53.34,48.933956,25327400
2014-05-07,53.549999,54.119999,53.240002,54.049999,49.5853,18502600
2014-05-08,54.200001,54.529999,54.060001,54.360001,49.869698,16090800
2014-05-09,54.220001,54.310001,53.68,54.009998,49.548607,12366500
2014-05-12,54.27,54.700001,54.029999,54.650002,50.13575,12825500
2014-05-13,54.740002,54.830002,54.5,54.619999,50.108215,12310700
2014-05-14,54.639999,54.700001,54.299999,54.360001,49.869698,10325800
2014-05-15,54.200001,54.200001,53.349998,53.509998,49.089912,19763000
2014-05-16,53.419998,53.509998,52.970001,53.310001,48.906437,19992400
2014-05-19,53.080002,53.91,53.060001,53.830002,49.383476,12068900
2014-05-20,53.720001,54.040001,53.41,53.720001,49.282566,16888200
2014-05-21,54.049999,54.599998,53.98,54.119999,49.649525,13210200
2014-05-22,54.169998,54.599998,54.02,54.549999,50.044006,11800900
2014-05-23,54.549999,54.59,54.16,54.529999,50.02565,10876500
2014-05-27,54.75,55.43,54.689999,55.139999,50.58527,14503700
2014-05-28,55.09,55.599998,55.0,55.450001,50.869663,11374900
2014-05-29,55.75,55.919998,55.389999,55.720001,51.117363,11741000
2014-05-30,55.580002,55.880001,55.310001,55.57,50.979748,11991900
2014-06-02,55.650002,55.650002,55.02,55.349998,50.77792,9440000
2014-06-03,55.09,55.66,55.09,55.599998,51.007271,9131500
2014-06-04,55.52,55.73,55.25,55.68,51.080666,9727800
2014-06-05,55.91,56.66,55.490002,56.630001,51.95219,16803400
2014-06-06,56.759998,57.130001,56.650002,56.970001,52.264107,15399800
2014-06-09,56.91,57.669998,56.900002,57.419998,52.676929,11999700
2014-06-10,57.470001,57.939999,57.389999,57.900002,53.117283,11609200
2014-06-11,57.48,57.790001,56.98,57.27,52.539322,14232200
2014-06-12,57.07,57.419998,56.869999,57.040001,52.328327,11670200
2014-06-13,57.029999,57.669998,56.880001,57.040001,52.328327,12040800
2014-06-16,56.849998,56.950001,56.330002,56.869999,52.172359,11199100
2014-06-17,56.790001,57.59,56.68,57.419998,52.676929,11200500
2014-06-18,57.290001,57.810001,56.950001,57.779999,53.007206,13729400
2014-06-19,57.689999,57.689999,57.209999,57.299999,52.566849,11624400
2014-06-20,57.689999,57.77,57.349998,57.549999,52.796192,17124800
2014-06-23,57.540001,58.220001,57.240002,58.189999,53.383331,16007700
2014-06-24,57.880001,58.119999,57.299999,57.419998,52.676929,12322900
2014-06-25,57.220001,57.740002,56.869999,57.529999,52.777847,14836600
2014-06-26,57.34,57.490002,56.599998,57.389999,52.64941,11854400
2014-06-27,57.330002,57.700001,57.240002,57.529999,52.777847,10178600
2014-06-30,57.439999,57.779999,57.380001,57.619999,52.860413,11549000
2014-07-01,57.150002,57.990002,57.080002,57.57,53.183746,14472200
2014-07-02,57.27,57.48,56.82,56.970001,52.629463,19189900
2014-07-03,57.23,57.650002,57.0,57.049999,52.703362,12599800
2014-07-07,56.889999,56.990002,56.400002,56.669998,52.352318,13916100
2014-07-08,56.349998,56.470001,55.630001,55.759998,51.511658,18343400
2014-07-09,55.880001,56.119999,55.610001,56.02,51.751839,10914300
2014-07-10,55.060001,55.810001,54.959999,55.560001,51.3269,12436600
2014-07-11,55.290001,55.91,55.189999,55.799999,51.548603,10230000
2014-07-14,56.529999,56.84,56.200001,56.290001,52.00127,14004400
2014-07-15,57.950001,58.689999,57.759998,58.27,53.830402,36178000
2014-07-16,58.509998,58.98,58.310001,58.709999,54.236893,20507500
2014-07-17,58.560001,58.860001,57.759998,57.860001,53.451653,17013500
2014-07-18,58.330002,58.48,57.900002,58.23,53.793468,12803300
2014-07-21,58.119999,58.41,57.900002,58.240002,53.8027,9141400
2014-07-22,58.419998,58.799999,58.369999,58.669998,54.199936,10375200
2014-07-23,58.759998,59.189999,58.52,59.0,54.504795,11122100
2014-07-24,59.07,59.349998,58.990002,59.169998,54.66185,9844100
2014-07-25,58.919998,59.27,58.84,59.009998,54.514038,10500600
2014-07-28,58.939999,59.259998,58.669998,59.189999,54.680321,12382800
2014-07-29,59.130001,59.130001,58.439999,58.639999,54.172222,13498800
2014-07-30,59.02,59.279999,58.610001,58.91,54.421661,11815700
2014-07-31,58.650002,58.68,57.66,57.669998,53.276123,15955900
2014-08-01,57.389999,57.490002,55.970001,56.48,52.176792,23915400
2014-08-04,56.91,56.98,56.34,56.650002,52.333851,13543900
2014-08-05,56.43,56.599998,55.599998,56.060001,51.788799,16863300
2014-08-06,55.889999,56.689999,55.830002,56.23,51.945839,12190600
2014-08-07,56.630001,56.689999,55.68,55.91,51.650219,11743800
2014-08-08,55.889999,56.360001,55.639999,56.34,52.047459,12213200
2014-08-11,56.540001,56.580002,56.169998,56.32,52.028984,9066800
2014-08-12,56.23,56.549999,56.130001,56.349998,52.056698,11289600
2014-08-13,56.689999,56.84,56.509998,56.720001,52.398514,7012600
2014-08-14,56.77,57.0,56.700001,56.98,52.638702,8275900
2014-08-15,57.240002,57.5,56.389999,56.75,52.426224,12727400
2014-08-18,56.860001,57.43,56.759998,57.23,52.869648,8881400
2014-08-19,57.599998,57.720001,57.34,57.560001,53.174507,9040500
2014-08-20,57.419998,57.849998,57.389999,57.639999,53.248413,8121400
2014-08-21,57.66,58.77,57.599998,58.5,54.042896,12745500
2014-08-22,58.439999,59.080002,58.330002,58.490002,54.033661,10228600
2014-08-25,58.98,59.830002,58.860001,59.34,54.81889,13996800
2014-08-26,59.57,59.950001,59.389999,59.740002,55.188416,10281100
2014-08-27,59.849998,59.950001,59.529999,59.59,55.049847,11410900
2014-08-28,59.25,59.369999,58.810001,59.16,54.652603,9096100
2014-08-29,59.34,59.650002,59.23,59.450001,54.920509,8897900
2014-09-02,59.459999,59.709999,59.150002,59.669998,55.123741,8671100
2014-09-03,60.02,60.369999,59.459999,59.700001,55.151463,11791800
2014-09-04,59.630001,60.139999,59.43,59.709999,55.160698,9811900
2014-09-05,59.619999,59.91,59.220001,59.91,55.345463,9600900
2014-09-08,59.84,60.220001,59.740002,59.889999,55.326981,8090000
2014-09-09,59.630001,59.68,58.779999,59.060001,54.56023,14868700
2014-09-10,59.150002,59.560001,58.919998,59.220001,54.708038,9153800
2014-09-11,59.18,59.84,58.970001,59.759998,55.206886,11467000
2014-09-12,59.799999,60.41,59.75,60.029999,55.456322,14359100
2014-09-15,59.779999,59.990002,59.450001,59.939999,55.373177,10685600
2014-09-16,59.709999,60.200001,59.619999,59.990002,55.419373,10947900
2014-09-17,59.950001,60.59,59.82,60.310001,55.714989,15091800
2014-09-18,60.540001,61.400002,60.540001,61.32,56.648033,16973700
2014-09-19,61.740002,61.849998,60.98,61.110001,56.454041,18739300
2014-09-22,60.939999,61.450001,60.799999,60.91,56.269272,13225200
2014-09-23,60.82,61.400002,60.77,60.939999,56.296986,14328800
2014-09-24,61.18,61.639999,61.02,61.630001,56.93441,13728200
2014-09-25,61.490002,61.5,60.150002,60.150002,55.567177,16340100
2014-09-26,60.330002,60.880001,60.32,60.560001,55.945942,11948900
2014-09-29,60.029999,60.5,59.73,60.330002,55.733467,10686500
2014-09-30,60.400002,60.740002,60.130001,60.240002,55.650326,14384800
2014-10-01,60.240002,60.400002,59.73,59.77,55.216129,18995800
2014-10-02,59.150002,59.490002,58.610001,58.84,54.723217,24559100
2014-10-03,59.25,60.389999,59.049999,60.299999,56.081062,18321100
2014-10-06,60.779999,60.799999,60.0,60.18,55.96946,11578000
2014-10-07,59.919998,59.919998,59.189999,59.27,55.123123,14542000
2014-10-08,59.360001,60.43,59.18,60.400002,56.174076,15834100
2014-10-09,60.330002,60.330002,58.889999,59.080002,54.946434,19189500
2014-10-10,59.029999,59.82,58.509998,58.52,54.425602,16689400
2014-10-13,58.5,59.150002,58.110001,58.16,54.09079,17169300
2014-10-14,56.689999,58.52,56.060001,57.990002,53.932682,29096800
2014-10-15,57.02,57.380001,54.259998,55.529999,51.644798,37866900
2014-10-16,54.75,55.98,54.279999,55.080002,51.226288,31965100
2014-10-17,55.73,56.779999,55.57,56.200001,52.267925,20183500
2014-10-20,56.099998,56.75,56.07,56.630001,52.667835,10807600
2014-10-21,57.23,58.009998,57.080002,57.93,53.876877,14020400
2014-10-22,58.040001,58.259998,57.439999,57.450001,53.430466,13750700
2014-10-23,58.119999,58.599998,57.939999,58.060001,53.997791,12641900
2014-10-24,58.0,58.779999,58.0,58.740002,54.630219,13758000
2014-10-27,58.450001,58.790001,58.25,58.639999,54.537209,11087100
2014-10-28,58.869999,59.689999,58.810001,59.630001,55.457943,13625000
2014-10-29,59.619999,59.779999,58.759998,59.290001,55.141727,16712100
2014-10-30,58.939999,59.68,58.919998,59.389999,55.234726,14709800
2014-10-31,60.119999,60.540001,59.869999,60.48,56.248466,18347600
2014-11-03,60.790001,61.150002,60.360001,60.880001,56.620487,11841200
2014-11-04,60.240002,60.369999,59.419998,60.25,56.034561,15295800
2014-11-05,60.799999,61.23,60.389999,61.150002,56.871597,14063800
2014-11-06,61.080002,61.310001,60.630001,61.23,56.945992,10421600
2014-11-07,61.07,61.549999,60.860001,61.470001,57.169205,12384600
2014-11-10,61.25,61.93,61.200001,61.93,57.597019,10801000
2014-11-11,61.709999,61.889999,61.290001,61.369999,57.076199,12539800
2014-11-12,60.419998,60.84,60.23,60.560001,56.322876,17219600
2014-11-13,60.5,60.630001,59.990002,60.23,56.015965,12240400
2014-11-14,60.25,60.619999,60.18,60.279999,56.062466,6803400
2014-11-17,60.0,60.529999,59.889999,60.380001,56.155472,9017600
2014-11-18,60.349998,60.82,60.200001,60.529999,56.294968,8897800
2014-11-19,60.450001,60.790001,60.150002,60.599998,56.360065,9210100
2014-11-20,60.200001,60.25,59.75,60.119999,55.913658,10917300
2014-11-21,61.07,61.07,60.299999,60.450001,56.220573,12340500
2014-11-24,60.700001,61.310001,60.700001,60.959999,56.694889,8335000
2014-11-25,61.16,61.16,59.950001,60.299999,56.081062,14802600
2014-11-26,60.57,60.57,60.200001,60.34,56.118267,7626600
2014-11-28,60.400002,60.560001,60.029999,60.16,55.950859,6759600
2014-12-01,59.98,60.209999,59.549999,60.0,55.802048,12771600
2014-12-02,60.009998,61.189999,60.0,61.080002,56.806492,12546600
2014-12-03,60.959999,61.619999,60.810001,61.540001,57.234306,12115500
2014-12-04,61.099998,61.57,60.84,61.380001,57.085503,11515200
2014-12-05,62.009998,63.060001,61.880001,62.700001,58.313148,20071100
2014-12-08,62.599998,63.16,62.259998,62.669998,58.285244,15528200
2014-12-09,61.849998,62.849998,61.560001,62.450001,58.080639,19676400
2014-12-10,62.16,62.240002,60.369999,60.68,56.434471,29620600
2014-12-11,61.169998,62.060001,61.110001,61.139999,56.862286,16886200
2014-12-12,60.529999,61.220001,59.959999,60.040001,55.839264,17405400
2014-12-15,60.740002,60.810001,58.790001,59.16,55.020824,19209900
2014-12-16,58.419998,59.860001,58.110001,58.43,54.341904,20709700
2014-12-17,58.57,59.830002,58.34,59.77,55.588146,17856400
2014-12-18,60.639999,61.48,60.439999,61.48,57.178501,18173400
2014-12-19,61.400002,62.349998,61.369999,61.93,57.597019,22756400
2014-12-22,62.16,62.330002,61.610001,61.939999,57.606316,17073400
2014-12-23,62.049999,62.970001,61.93,62.48,58.108536,13552600
2014-12-24,62.740002,62.869999,62.27,62.48,58.108536,7412500
2014-12-26,62.669998,62.889999,62.41,62.549999,58.173637,6086500
2014-12-29,62.419998,63.34,62.25,62.959999,58.554955,10601200
2014-12-30,62.720001,63.279999,62.57,63.150002,58.731663,7518100
2014-12-31,63.299999,63.490002,62.580002,62.580002,58.201542,18529400
2015-01-02,62.18,62.959999,62.07,62.490002,58.491711,12600000
2015-01-05,62.060001,62.279999,60.23,60.549999,56.675838,20100600
2015-01-06,60.639999,60.75,58.349998,58.98,55.206284,29074100
2015-01-07,59.889999,59.889999,58.669998,59.07,55.290531,23843200
2015-01-08,59.970001,60.900002,59.970001,60.389999,56.526073,16971100
2015-01-09,60.720001,60.790001,59.290001,59.34,55.543251,15396200
2015-01-12,59.279999,59.400002,58.27,58.830002,55.065887,15455200
2015-01-13,59.259998,59.700001,58.369999,58.84,55.075245,21644700
2015-01-14,58.84,58.84,55.27,56.810001,53.175133,49394500
2015-01-15,55.73,56.610001,54.5,54.990002,51.471577,42458100
2015-01-16,54.66,56.0,54.639999,55.93,52.351437,29368900
2015-01-20,56.040001,56.389999,55.419998,55.709999,52.145515,23477700
2015-01-21,55.450001,56.419998,55.189999,55.889999,52.313995,21842400
2015-01-22,56.380001,57.73,55.959999,57.59,53.905224,31423500
2015-01-23,57.720001,57.869999,56.66,56.68,53.053448,15458300
2015-01-26,56.41,56.990002,56.200001,56.77,53.137688,12577700
2015-01-27,56.049999,56.610001,55.759998,56.200001,52.604164,15220500
2015-01-28,56.619999,56.68,54.75,54.75,51.246937,24354400
2015-01-29,55.27,55.889999,54.68,55.669998,52.108074,20393300
2015-01-30,54.990002,55.5,54.369999,54.380001,50.900612,26943700
2015-02-02,54.529999,55.650002,54.27,55.470001,51.920868,20308900
2015-02-03,55.91,56.779999,55.869999,56.720001,53.090889,18812500
2015-02-04,56.32,57.07,56.279999,56.380001,52.77264,14934100
2015-02-05,56.860001,57.040001,56.459999,56.77,53.137688,11293900
2015-02-06,57.75,58.73,57.540001,57.889999,54.186024,25214000
2015-02-09,57.419998,58.099998,57.23,57.82,54.12051,14372400
2015-02-10,58.419998,58.709999,58.049999,58.459999,54.719551,16367300
2015-02-11,58.060001,58.66,57.84,58.369999,54.635319,13061900
2015-02-12,58.93,59.709999,58.549999,59.57,55.758537,23211300
2015-02-13,59.459999,60.220001,59.34,59.669998,55.852139,16479100
2015-02-17,59.360001,60.139999,59.32,60.099998,56.25462,15308800
2015-02-18,60.099998,60.099998,59.119999,59.369999,55.571339,14278100
2015-02-19,59.150002,59.48,58.799999,59.23,55.440292,11256500
2015-02-20,58.959999,59.889999,58.349998,59.799999,55.97382,15379000
2015-02-23,59.5,59.529999,58.799999,59.349998,55.552612,16814000
2015-02-24,60.25,61.25,60.080002,60.82,56.928566,22937700
2015-02-25,60.759998,61.27,60.75,61.139999,57.228085,18307900
2015-02-26,61.029999,61.700001,60.91,61.580002,57.639931,15444800
2015-02-27,61.130001,61.919998,61.130001,61.279999,57.359127,15225900
2015-03-02,61.279999,61.830002,61.029999,61.77,57.81778,13047300
2015-03-03,61.650002,61.990002,61.5,61.970001,58.004982,13706900
2015-03-04,61.639999,62.169998,61.349998,62.130001,58.154747,16625500
2015-03-05,62.200001,62.23,61.599998,62.0,58.033062,10931300
2015-03-06,62.16,62.869999,60.799999,60.889999,56.99408,22719200
2015-03-09,60.84,61.630001,60.799999,61.5,57.565044,13001500
2015-03-10,60.759998,61.009998,59.959999,59.959999,56.123585,16357700
2015-03-11,60.130001,60.650002,59.959999,60.240002,56.38567,13015600
2015-03-12,60.650002,61.450001,60.650002,61.369999,57.443363,18159600
2015-03-13,61.400002,61.860001,60.43,61.0,57.097046,16506200
2015-03-16,61.5,61.919998,61.25,61.849998,57.892662,15182900
2015-03-17,61.34,61.66,60.919998,61.610001,57.668015,11718300
2015-03-18,61.389999,62.049999,61.09,61.75,57.799057,15697900
2015-03-19,61.57,61.650002,60.759998,61.200001,57.284241,11523800
2015-03-20,61.32,62.099998,61.150002,61.75,57.799057,18368300
2015-03-23,61.75,62.080002,61.119999,61.139999,57.228085,15112900
2015-03-24,60.970001,61.240002,60.450001,60.459999,56.591591,12128700
2015-03-25,60.529999,60.639999,59.59,59.610001,55.795982,14950900
2015-03-26,59.459999,59.790001,58.869999,59.540001,55.730453,14039600
2015-03-27,59.490002,59.779999,59.0,59.549999,55.739815,11755800
2015-03-30,60.880001,61.459999,60.610001,60.959999,57.059601,20656500
2015-03-31,60.720001,60.939999,60.419998,60.580002,56.703922,17346700
2015-04-01,60.41,60.57,59.73,59.950001,56.487198,18100600
2015-04-02,60.07,60.700001,60.0,60.52,57.024281,12697800
2015-04-06,59.919998,60.75,59.650002,60.470001,56.977169,12025200
2015-04-07,61.150002,61.5,60.849998,60.849998,57.335213,11505500
2015-04-08,61.060001,61.560001,60.939999,61.049999,57.523666,11734000
2015-04-09,61.27,61.580002,60.830002,61.470001,57.919403,11728500
2015-04-10,61.349998,61.779999,61.200001,61.700001,58.13612,9869700
2015-04-13,61.639999,62.27,61.5,62.07,58.484741,15468700
2015-04-14,62.959999,63.610001,62.740002,63.040001,59.398724,33775400
2015-04-15,63.080002,64.480003,63.009998,64.209999,60.501137,28732200
2015-04-16,64.080002,64.269997,63.66,63.810001,60.124237,16640500
2015-04-17,63.25,63.400002,62.490002,62.84,59.210266,20221200
2015-04-20,63.220001,63.52,63.139999,63.240002,59.587162,12755300
2015-04-21,63.330002,63.599998,62.130001,62.310001,58.710888,14985100
2015-04-22,62.650002,63.150002,62.029999,62.939999,59.304493,14484700
2015-04-23,62.790001,63.209999,62.599998,62.799999,59.172573,12851300
2015-04-24,62.630001,62.84,62.34,62.599998,58.984131,9597500
2015-04-27,62.700001,63.150002,62.310001,62.34,58.739151,11146400
2015-04-28,62.490002,62.779999,61.77,62.759998,59.134884,12307800
2015-04-29,62.560001,63.889999,62.459999,63.599998,59.926376,17601200
2015-04-30,63.580002,63.880001,62.919998,63.259998,59.606014,16840900
2015-05-01,63.700001,63.869999,63.330002,63.610001,59.935791,11640100
2015-05-04,63.68,64.870003,63.639999,64.720001,60.981682,14972500
2015-05-05,64.510002,65.32,64.290001,64.400002,60.680161,17692400
2015-05-06,64.529999,65.07,63.419998,63.919998,60.227879,18087900
2015-05-07,63.669998,64.599998,63.25,64.5,60.774384,15039900
2015-05-08,64.970001,65.650002,64.599998,65.489998,61.707195,16802600
2015-05-11,65.260002,65.639999,65.080002,65.449997,61.669514,13798800
2015-05-12,65.309998,65.540001,64.760002,65.360001,61.584713,12762200
2015-05-13,65.419998,65.629997,65.059998,65.519997,61.735462,11874100
2015-05-14,65.830002,66.18,65.709999,66.050003,62.234848,11855500
2015-05-15,66.129997,66.160004,65.440002,65.879997,62.074665,11152100
2015-05-18,65.800003,66.540001,65.800003,66.419998,62.583481,10510900
2015-05-19,66.769997,67.190002,66.57,67.010002,63.139404,14282700
2015-05-20,66.949997,67.029999,66.400002,66.480003,62.64003,12446000
2015-05-21,66.139999,66.68,66.010002,66.650002,62.80019,12934500
2015-05-22,66.629997,66.830002,66.32,66.470001,62.630596,9296900
2015-05-26,66.199997,66.290001,65.309998,65.730003,61.933342,15571300
2015-05-27,65.949997,66.650002,65.82,66.470001,62.630596,10963700
2015-05-28,66.360001,66.400002,65.739998,66.199997,62.37619,11797400
2015-05-29,66.18,66.220001,65.360001,65.779999,61.980457,14310700
2015-06-01,65.989998,66.660004,65.970001,66.080002,62.263123,11899300
2015-06-02,65.830002,66.389999,65.580002,66.019997,62.206585,12784200
2015-06-03,66.43,67.129997,66.269997,66.699997,62.847298,12832500
2015-06-04,66.309998,67.050003,66.010002,66.330002,62.498684,13863300
2015-06-05,67.370003,67.839996,67.010002,67.419998,63.525715,20801100
2015-06-08,67.459999,67.550003,66.809998,66.889999,63.026337,14558700
2015-06-09,66.949997,67.269997,66.470001,67.18,63.299591,13263500
2015-06-10,67.589996,68.5,67.470001,68.260002,64.3172,17478900
2015-06-11,68.360001,68.68,68.150002,68.519997,64.56218,13739900
2015-06-12,68.309998,68.540001,67.870003,68.25,64.307777,11804700
2015-06-15,67.580002,68.209999,67.300003,67.989998,64.062798,14082300
2015-06-16,67.769997,68.519997,67.620003,68.370003,64.420853,11692800
2015-06-17,68.410004,68.68,68.040001,68.139999,64.204132,14521900
2015-06-18,68.349998,68.82,67.900002,68.779999,64.807159,16759600
2015-06-19,68.459999,68.669998,67.919998,68.080002,64.147598,21606400
2015-06-22,68.870003,69.290001,68.75,68.959999,64.976776,14306700
2015-06-23,69.349998,69.82,69.190002,69.75,65.721138,15736900
2015-06-24,69.510002,69.769997,68.910004,69.019997,65.033295,16995000
2015-06-25,69.32,69.470001,68.639999,68.650002,64.684669,13314300
2015-06-26,68.940002,69.290001,68.769997,68.949997,64.967354,14489200
2015-06-29,67.68,68.260002,67.160004,67.199997,63.31842,19934400
2015-06-30,67.889999,68.110001,67.160004,67.760002,63.846077,20677400
2015-07-01,68.120003,68.389999,67.779999,68.07,64.557373,13964400
2015-07-02,67.949997,68.129997,67.190002,67.519997,64.035751,12822900
2015-07-06,66.879997,67.459999,66.540001,67.330002,63.85556,13527100
2015-07-07,67.089996,67.220001,65.300003,66.800003,63.352921,22421500
2015-07-08,66.0,66.160004,65.209999,65.43,62.053612,17707200
2015-07-09,66.489998,66.699997,65.989998,66.110001,62.698524,14915200
2015-07-10,67.220001,67.400002,66.830002,67.050003,63.590015,12356100
2015-07-13,67.889999,68.139999,67.68,68.089996,64.576347,16175600
2015-07-14,67.980003,69.099998,67.760002,69.040001,65.477333,20185100
2015-07-15,69.230003,69.43,68.849998,69.190002,65.619583,16891600
2015-07-16,69.629997,69.949997,69.410004,69.559998,65.970482,18035700
2015-07-17,69.349998,69.489998,68.919998,69.209999,65.63855,14040700
2015-07-20,69.5,69.769997,69.18,69.260002,65.685974,11512900
2015-07-21,69.160004,69.540001,68.870003,69.099998,65.534218,11659900
2015-07-22,69.279999,70.290001,69.199997,70.080002,66.463661,15493000
2015-07-23,70.190002,70.610001,69.459999,69.639999,66.046356,14331800
2015-07-24,69.440002,69.559998,68.68,68.910004,65.354034,12413900
2015-07-27,68.150002,68.220001,67.57,68.010002,64.500481,16801600
2015-07-28,68.550003,68.599998,67.769997,68.050003,64.538414,14932400
2015-07-29,68.32,69.099998,68.160004,68.940002,65.382477,13059200
2015-07-30,68.93,69.449997,68.540001,69.040001,65.477333,10197200
2015-07-31,69.010002,69.040001,68.400002,68.529999,64.993637,11911800
2015-08-03,68.589996,68.839996,68.0,68.529999,64.993637,9980600
2015-08-04,68.470001,68.949997,68.309998,68.459999,64.927246,10964000
2015-08-05,69.050003,69.419998,68.559998,68.730003,65.183319,11302900
2015-08-06,68.75,68.940002,68.0,68.25,64.728096,10803400
2015-08-07,68.330002,68.739998,67.550003,68.050003,64.538414,11453300
2015-08-10,68.220001,69.010002,68.220001,68.889999,65.335068,12661400
2015-08-11,68.230003,68.400002,67.849998,68.230003,64.709129,14800300
2015-08-12,67.410004,67.550003,66.07,67.239998,63.770214,21069000
2015-08-13,67.25,67.800003,66.970001,67.550003,64.064224,11930600
2015-08-14,67.419998,67.910004,67.400002,67.889999,64.386665,11248800
2015-08-17,67.620003,68.239998,67.400002,68.07,64.557373,10326500
2015-08-18,67.980003,68.360001,67.839996,68.209999,64.690155,10617500
2015-08-19,67.93,68.309998,67.360001,67.599998,64.111633,15166900
2015-08-20,66.809998,67.040001,65.940002,65.940002,62.537289,20972300
2015-08-21,65.089996,65.440002,63.57,63.599998,60.318043,28235500
2015-08-24,59.290001,62.919998,50.07,60.25,57.140915,36339100
2015-08-25,63.099998,63.32,59.73,59.91,56.818459,31772500
2015-08-26,61.799999,62.98,60.549999,62.91,59.663651,33576800
2015-08-27,63.98,64.730003,63.139999,64.480003,61.152634,29045700
2015-08-28,64.290001,64.459999,63.599998,64.129997,60.820694,16687300
2015-08-31,63.610001,64.349998,63.470001,64.099998,60.792244,14223400
2015-09-01,62.849998,62.849998,60.990002,61.450001,58.278992,23637300
2015-09-02,62.619999,62.91,61.540001,62.57,59.341198,17757900
2015-09-03,62.880001,63.66,62.450001,62.68,59.445522,17065400
2015-09-04,61.799999,61.919998,60.75,61.5,58.326412,20189000
2015-09-08,62.77,63.200001,62.330002,63.16,59.900745,13385100
2015-09-09,63.939999,64.339996,62.0,62.18,58.971321,13889500
2015-09-10,61.860001,63.0,61.450001,62.66,59.426552,15751100
2015-09-11,62.380001,62.66,61.990002,62.560001,59.331715,12766700
2015-09-14,62.639999,62.689999,62.119999,62.380001,59.160999,10202800
2015-09-15,62.759998,63.889999,62.509998,63.580002,60.299084,14023500
2015-09-16,63.889999,64.290001,63.209999,64.139999,60.830181,12235900
2015-09-17,64.139999,64.639999,62.389999,62.650002,59.417068,21249200
2015-09-18,61.830002,61.830002,60.779999,60.939999,57.795307,31008000
2015-09-21,61.52,61.91,61.080002,61.450001,58.278992,13136400
2015-09-22,60.599998,61.09,60.419998,60.91,57.766857,14811900
2015-09-23,60.799999,61.150002,60.32,60.639999,57.510792,11712200
2015-09-24,60.009998,60.380001,59.459999,60.220001,57.112465,17293400
2015-09-25,61.27,61.860001,60.869999,61.470001,58.297958,18384300
2015-09-28,60.919998,61.009998,59.689999,59.98,56.88485,17452200
2015-09-29,59.98,60.130001,58.73,59.84,56.752075,19334900
2015-09-30,60.700001,61.0,60.110001,60.970001,57.823765,18743800
2015-10-01,61.119999,61.869999,60.540001,61.419998,58.250542,16863200
2015-10-02,59.59,60.860001,58.529999,60.810001,58.08815,20435100
2015-10-05,61.240002,62.240002,61.220001,62.02,59.243992,13471100
2015-10-06,62.110001,62.360001,61.619999,62.049999,59.272648,12134800
2015-10-07,62.549999,63.029999,61.759998,62.130001,59.349064,12773100
2015-10-08,61.849998,62.25,61.43,62.130001,59.349064,13964600
2015-10-09,62.389999,62.549999,61.580002,61.93,59.15802,12112000
2015-10-12,61.84,62.009998,61.400002,61.720001,58.957417,10857400
2015-10-13,61.389999,62.16,61.310001,61.549999,58.795021,15621900
2015-10-14,60.759998,60.970001,59.540001,59.990002,57.304855,28989400
2015-10-15,60.470001,61.959999,60.099998,61.889999,59.119812,18147900
2015-10-16,62.43,62.650002,62.09,62.43,59.635635,17456600
2015-10-19,62.0,62.77,61.91,62.220001,59.43504,14510400
2015-10-20,62.360001,62.82,62.080002,62.52,59.721611,11487700
2015-10-21,62.880001,62.959999,62.049999,62.060001,59.282196,12113400
2015-10-22,62.419998,63.580002,62.419998,63.189999,60.361614,15295700
2015-10-23,63.630001,64.190002,63.5,63.869999,61.011181,16985200
2015-10-26,63.84,63.990002,63.41,63.900002,61.039841,13880200
2015-10-27,63.529999,63.860001,63.310001,63.639999,60.791477,8831900
2015-10-28,63.700001,65.739998,63.689999,65.5,62.568222,17962000
2015-10-29,65.260002,65.830002,64.879997,65.209999,62.291206,12753700
2015-10-30,65.300003,65.339996,64.129997,64.25,61.374168,15731400
2015-11-02,64.449997,65.75,64.389999,65.540001,62.60643,15253300
2015-11-03,65.290001,66.099998,65.169998,65.779999,62.83569,11519500
2015-11-04,66.010002,66.150002,65.629997,65.849998,62.902561,11388400
2015-11-05,65.790001,66.669998,65.75,66.440002,63.466148,12715900
2015-11-06,68.370003,69.029999,68.099998,68.459999,65.395737,23262700
2015-11-09,68.699997,68.720001,67.080002,67.389999,64.373634,17143800
2015-11-10,67.190002,67.849998,66.93,67.68,64.65065,13239700
2015-11-11,68.099998,68.169998,67.25,67.349998,64.335419,8513900
2015-11-12,66.860001,66.900002,65.949997,66.0,63.045845,13576900
2015-11-13,65.839996,66.169998,65.230003,65.559998,62.625534,11837000
2015-11-16,65.459999,66.580002,65.169998,66.510002,63.53302,11041100
2015-11-17,66.669998,66.739998,65.889999,66.129997,63.170025,12354800
2015-11-18,66.480003,67.550003,66.370003,67.449997,64.430931,12911400
2015-11-19,67.580002,67.82,67.040001,67.660004,64.631546,12839500
2015-11-20,67.989998,68.110001,67.379997,67.540001,64.516914,11209600
2015-11-23,67.309998,67.580002,66.779999,66.879997,63.886452,11339000
2015-11-24,66.169998,67.139999,66.040001,66.779999,63.790932,10910000
2015-11-25,66.93,67.120003,66.550003,66.860001,63.867344,7772000
2015-11-27,67.0,67.330002,66.639999,67.169998,64.163483,4052500
2015-11-30,67.279999,67.519997,66.68,66.68,63.695408,15147500
2015-12-01,67.339996,67.830002,66.989998,67.610001,64.583771,12708800
2015-12-02,67.830002,67.879997,66.480003,66.660004,63.676319,13440900
2015-12-03,66.830002,67.029999,65.580002,65.800003,62.854786,14626900
2015-12-04,66.099998,68.0,66.029999,67.889999,64.85125,17786000
2015-12-07,67.660004,67.75,66.400002,67.0,64.001076,11686000
2015-12-08,66.25,66.959999,65.699997,65.959999,63.007633,13084500
2015-12-09,65.610001,66.580002,65.040001,65.459999,62.53001,16770200
2015-12-10,65.540001,66.5,65.080002,65.610001,62.673294,12807800
2015-12-11,64.800003,65.160004,63.509998,64.07,61.202229,17889300
2015-12-14,64.230003,64.760002,63.599998,64.269997,61.393276,17638200
2015-12-15,65.07,66.650002,65.07,66.099998,63.141361,18126600
2015-12-16,66.910004,67.739998,65.910004,67.529999,64.507347,21720000
2015-12-17,67.900002,68.0,66.080002,66.279999,63.313305,18122100
2015-12-18,65.970001,65.970001,64.400002,64.400002,61.517464,23819600
2015-12-21,65.019997,65.559998,64.830002,65.540001,62.60643,18869300
2015-12-22,65.919998,66.0,64.980003,65.68,62.740162,12149500
2015-12-23,66.120003,66.849998,66.050003,66.730003,63.743172,12524500
2015-12-24,66.620003,66.889999,66.32,66.599998,63.618996,4468200
2015-12-28,66.290001,66.449997,65.709999,66.379997,63.408833,6610600
2015-12-29,66.839996,67.300003,66.739998,67.07,64.06794,9820800
2015-12-30,67.040001,67.050003,66.449997,66.589996,63.609436,7190700
2015-12-31,66.190002,66.779999,66.0,66.029999,63.074501,14490200
