2014-01-02,147.050003,147.789993,145.839996,146.070007,130.956284,1115900
2014-01-03,146.5,147.330002,146.479996,147.059998,131.843857,843400
2014-01-06,147.300003,148.089996,146.100006,146.279999,131.144577,1134800
2014-01-07,149.0,149.300003,147.5,148.610001,133.233505,1684100
2014-01-08,148.389999,149.100006,147.710007,148.5,133.134857,1222700
2014-01-09,149.0,150.429993,148.539993,148.729996,133.341049,1646600
2014-01-10,148.990005,149.690002,147.550003,149.449997,133.986603,1245800
2014-01-13,153.699997,154.350006,150.509995,150.919998,135.304489,3449000
2014-01-14,151.130005,151.929993,149.190002,151.419998,135.752716,2575800
2014-01-15,151.419998,154.339996,151.100006,153.5,137.617554,2294200
2014-01-16,153.0,153.520004,152.619995,153.490005,137.608582,1378700
2014-01-17,153.729996,153.990005,153.009995,153.820007,137.904419,2016300
2014-01-21,154.0,156.539993,153.789993,154.100006,138.155457,2274600
2014-01-22,155.0,157.050003,154.259995,156.649994,140.441589,2646600
2014-01-23,157.110001,158.429993,150.300003,150.490005,134.918961,3944100
2014-01-24,151.330002,151.330002,146.679993,147.759995,132.47142,3496200
2014-01-27,148.119995,149.089996,145.119995,147.020004,131.807999,2851400
2014-01-28,147.009995,148.820007,146.800003,148.279999,132.937653,2676000
2014-01-29,147.139999,148.240005,146.5,147.350006,132.103882,2501000
2014-01-30,148.589996,150.289993,147.669998,148.660004,133.278351,1931600
2014-01-31,147.070007,151.990005,145.940002,150.910004,135.295471,2618200
2014-02-03,150.539993,152.0,147.419998,147.740005,132.453522,2307200
2014-02-04,147.789993,148.970001,144.690002,148.179993,132.847946,2205000
2014-02-05,147.740005,151.970001,147.429993,150.389999,134.8293,2728100
2014-02-06,149.729996,152.639999,149.5,151.740005,136.039627,2073800
2014-02-07,151.899994,155.699997,151.059998,155.130005,139.078873,2072700
2014-02-10,154.75,155.410004,153.509995,153.979996,138.047852,2375000
2014-02-11,154.570007,158.320007,154.179993,157.559998,141.257446,2242200
2014-02-12,158.710007,159.449997,157.970001,158.919998,142.476715,1851100
2014-02-13,157.660004,160.759995,156.539993,159.800003,143.265686,2461600
2014-02-14,159.800003,163.240005,159.309998,162.889999,146.03595,2556400
2014-02-18,161.529999,163.949997,161.529999,162.699997,145.865616,1985200
2014-02-19,162.600006,164.710007,162.009995,162.649994,145.820801,1762400
2014-02-20,163.0,165.889999,162.919998,164.270004,147.273178,2112600
2014-02-21,165.0,165.440002,163.369995,164.330002,147.326996,2377600
2014-02-24,165.619995,168.410004,164.800003,166.139999,148.949661,2534300
2014-02-25,166.580002,167.429993,163.100006,163.610001,146.681473,2278400
2014-02-26,163.300003,164.410004,160.809998,160.830002,144.189087,2691000
2014-02-27,160.399994,161.669998,159.509995,161.440002,145.942856,3075100
2014-02-28,161.149994,163.309998,161.149994,162.300003,146.720322,2232700
2014-03-03,160.820007,164.210007,160.520004,163.550003,147.850357,1709000
2014-03-04,164.289993,166.169998,164.289993,165.639999,149.739731,1748200
2014-03-05,166.229996,167.429993,165.5,166.820007,150.806473,1889200
2014-03-06,166.850006,167.479996,166.399994,166.839996,150.824493,1378300
2014-03-07,167.5,167.869995,165.970001,166.570007,150.580444,1403500
2014-03-10,165.690002,166.699997,165.110001,165.479996,149.595047,1377100
2014-03-11,165.369995,165.699997,163.720001,163.800003,148.07634,1738200
2014-03-12,163.470001,164.0,162.0,163.860001,148.130554,1503100
2014-03-13,164.529999,165.110001,162.320007,162.830002,147.199448,1404600
2014-03-14,162.539993,164.600006,162.149994,162.419998,146.828812,1386100
2014-03-17,163.440002,164.649994,163.080002,164.070007,148.320419,1466300
2014-03-18,164.850006,165.089996,163.850006,163.979996,148.239044,1652400
2014-03-19,164.369995,164.580002,160.009995,160.899994,145.454697,2068200
2014-03-20,161.119995,162.470001,159.369995,159.929993,144.577805,3228500
2014-03-21,161.0,161.369995,157.399994,157.399994,142.29068,4247800
2014-03-24,158.529999,159.369995,157.009995,158.190002,143.004852,1997300
2014-03-25,158.75,161.130005,158.580002,160.570007,145.156418,2099700
2014-03-26,160.839996,162.089996,159.619995,159.639999,144.315674,1299200
2014-03-27,159.289993,159.949997,158.020004,158.880005,143.628601,1857000
2014-03-28,159.529999,161.369995,159.240005,160.539993,145.129257,1191800
2014-03-31,162.25,163.550003,161.600006,163.240005,147.570084,1458700
2014-04-01,163.520004,164.130005,162.529999,163.710007,147.99498,981900
2014-04-02,164.0,164.770004,162.679993,164.699997,148.889938,1050300
2014-04-03,165.0,165.130005,163.699997,163.75,148.031128,1254600
2014-04-04,164.949997,164.949997,159.419998,159.610001,144.288544,1622500
2014-04-07,159.380005,160.610001,157.479996,157.740005,142.598038,1315200
2014-04-08,157.570007,157.800003,154.75,156.649994,141.612686,1782800
2014-04-09,158.029999,159.949997,156.919998,158.830002,143.58342,1124300
2014-04-10,159.080002,159.649994,155.309998,155.429993,140.509781,1499300
2014-04-11,154.970001,155.389999,153.539993,153.820007,139.054367,2024200
2014-04-14,155.0,157.160004,154.289993,155.820007,140.862381,1356100
2014-04-15,155.550003,157.589996,154.210007,157.389999,142.281647,1160500
2014-04-16,158.440002,159.470001,156.869995,159.440002,144.134857,1167900
2014-04-17,158.25,160.490005,158.25,160.25,144.867111,1544900
2014-04-21,163.240005,163.240005,160.360001,161.490005,145.988098,1303700
2014-04-22,164.679993,164.710007,156.199997,156.690002,141.648865,2674100
2014-04-23,156.809998,162.429993,155.820007,161.979996,146.431015,2862400
2014-04-24,162.429993,162.589996,159.600006,160.619995,145.201584,1398300
2014-04-25,160.220001,161.490005,158.690002,161.089996,145.626465,1803400
2014-04-28,161.330002,162.270004,159.800003,161.369995,145.879608,1352700
2014-04-29,161.300003,162.529999,160.910004,161.990005,146.440094,1225900
2014-04-30,162.020004,164.380005,161.350006,164.139999,148.383682,1615800
2014-05-01,163.720001,164.839996,162.320007,162.850006,147.21756,1301700
2014-05-02,163.0,164.110001,162.699997,163.899994,148.166733,1133100
2014-05-05,163.5,165.369995,162.789993,165.119995,149.269608,945500
2014-05-06,164.660004,165.300003,163.190002,163.490005,147.796082,1026600
2014-05-07,164.0,164.470001,162.570007,164.199997,148.437927,1173300
2014-05-08,164.179993,165.350006,163.639999,164.389999,148.609695,1024700
2014-05-09,164.149994,165.199997,163.380005,165.179993,149.323853,837900
2014-05-12,165.5,167.169998,165.300003,166.919998,150.896835,1051900
2014-05-13,166.919998,167.979996,166.330002,167.639999,151.547714,968400
2014-05-14,167.990005,168.0,164.850006,165.259995,149.396194,1165600
2014-05-15,164.820007,165.419998,162.770004,163.539993,147.841278,1061100
2014-05-16,163.690002,164.289993,162.009995,162.100006,146.53952,1739200
2014-05-19,162.149994,163.240005,161.699997,162.300003,146.720322,1460200
2014-05-20,162.490005,162.5,159.889999,160.570007,145.156418,907600
2014-05-21,161.160004,162.080002,160.850006,161.889999,146.349686,859500
2014-05-22,162.070007,162.380005,161.259995,161.820007,146.286392,823200
2014-05-23,162.669998,163.240005,161.899994,162.639999,147.027679,1663400
2014-05-27,163.130005,163.229996,162.009995,162.949997,147.307922,1294500
2014-05-28,163.429993,164.600006,161.869995,162.100006,146.53952,1831500
2014-05-29,161.119995,163.389999,160.580002,163.149994,148.708878,1489200
2014-05-30,162.729996,163.960007,162.289993,163.649994,149.164581,2121200
2014-06-02,163.880005,164.410004,162.630005,164.110001,149.583862,1012600
2014-06-03,164.110001,164.479996,163.190002,163.889999,149.383362,850900
2014-06-04,163.490005,164.720001,162.990005,164.520004,149.957565,871300
2014-06-05,164.529999,166.509995,164.529999,166.330002,151.607407,996100
2014-06-06,166.529999,167.229996,166.350006,167.169998,152.373001,891000
2014-06-09,166.210007,168.869995,165.699997,168.080002,153.202469,1351000
2014-06-10,167.990005,168.070007,166.279999,167.339996,152.527985,1002700
2014-06-11,166.520004,166.940002,164.029999,164.529999,149.966705,1297500
2014-06-12,164.300003,164.759995,162.179993,162.639999,148.243988,857100
2014-06-13,162.960007,164.589996,162.660004,164.039993,149.52005,750200
2014-06-16,163.860001,165.630005,163.529999,165.139999,150.522705,889300
2014-06-17,165.0,165.639999,163.550003,164.240005,149.702393,858100
2014-06-18,164.130005,164.220001,162.050003,163.789993,149.292206,1028200
2014-06-19,164.009995,165.619995,163.300003,164.199997,149.665924,1045800
2014-06-20,163.75,165.699997,163.75,165.399994,150.759689,1862900
2014-06-23,165.270004,165.809998,163.320007,163.949997,149.438065,829500
2014-06-24,163.279999,164.5,162.460007,162.509995,148.125519,812500
2014-06-25,162.649994,162.910004,161.440002,162.449997,148.070801,988400
2014-06-26,162.809998,162.809998,160.509995,162.050003,147.706207,988400
2014-06-27,162.279999,162.929993,161.860001,162.699997,148.298676,1102200
2014-06-30,162.759995,162.830002,160.360001,160.729996,146.503052,1234500
2014-07-01,160.039993,161.770004,158.589996,160.639999,146.421036,1358200
2014-07-02,160.770004,160.880005,158.199997,158.979996,144.90799,1309800
2014-07-03,159.800003,160.380005,159.110001,159.899994,145.746552,687200
2014-07-07,159.25,159.710007,157.710007,158.300003,144.288162,1164700
2014-07-08,158.440002,158.440002,156.960007,157.210007,143.294647,970900
2014-07-09,158.119995,158.729996,157.429993,157.929993,143.950912,827400
2014-07-10,156.229996,159.039993,156.229996,158.179993,144.178772,815700
2014-07-11,158.130005,160.619995,157.929993,160.309998,146.120224,1073600
2014-07-14,160.779999,161.979996,160.5,161.809998,147.487488,1045100
2014-07-15,161.729996,163.490005,161.470001,162.619995,148.225784,1312000
2014-07-16,163.080002,163.460007,161.149994,161.550003,147.250473,947800
2014-07-17,161.110001,163.199997,160.559998,161.330002,147.049957,1190600
2014-07-18,161.820007,162.539993,161.059998,162.490005,148.107285,1074700
2014-07-21,162.0,163.669998,161.190002,162.979996,148.553909,1201200
2014-07-22,164.5,168.179993,164.389999,167.869995,153.011093,2174500
2014-07-23,167.759995,169.210007,167.220001,168.100006,153.220749,1808500
2014-07-24,168.529999,170.119995,167.820007,169.970001,154.925171,1617600
2014-07-25,169.330002,170.690002,169.190002,170.039993,154.988968,2112300
2014-07-28,169.990005,170.570007,168.300003,170.0,154.952515,1989600
2014-07-29,170.5,170.660004,169.240005,169.330002,154.341843,1063100
2014-07-30,170.240005,171.360001,168.839996,170.179993,155.116592,1077200
2014-07-31,169.080002,169.240005,166.970001,166.970001,152.19075,1935900
2014-08-01,166.720001,168.770004,166.190002,167.119995,152.327423,1535900
2014-08-04,167.559998,168.580002,167.029999,168.289993,153.39389,1196400
2014-08-05,167.789993,169.160004,166.559998,166.929993,152.154266,1218900
2014-08-06,166.080002,166.080002,162.710007,163.050003,148.617691,1883000
2014-08-07,164.279999,164.619995,162.520004,162.949997,148.526535,1087100
2014-08-08,163.110001,166.190002,163.100006,165.800003,151.124298,1196000
2014-08-11,166.860001,166.929993,166.0,166.149994,151.443283,801800
2014-08-12,166.149994,167.149994,165.259995,165.779999,151.106049,779500
2014-08-13,166.149994,169.399994,166.149994,169.089996,154.123077,1079100
2014-08-14,169.339996,170.210007,168.860001,169.5,154.496765,1030000
2014-08-15,169.910004,170.5,167.940002,169.160004,154.186874,1062400
2014-08-18,170.199997,172.100006,170.039993,171.520004,156.338013,766400
2014-08-19,172.020004,172.399994,171.289993,172.130005,156.894012,841100
2014-08-20,172.149994,175.470001,172.130005,175.309998,159.792557,1351100
2014-08-21,174.919998,175.490005,174.179993,175.100006,159.601089,1088200
2014-08-22,174.710007,176.130005,174.360001,175.149994,159.646667,801400
2014-08-25,175.75,177.070007,175.429993,176.529999,160.904541,866400
2014-08-26,176.970001,177.009995,176.039993,176.610001,160.977448,1036500
2014-08-27,176.990005,177.190002,176.0,176.520004,160.895401,1115200
2014-08-28,174.669998,175.050003,173.740005,174.100006,159.894363,1455800
2014-08-29,174.759995,175.089996,173.75,174.0,159.802521,1532000
2014-09-02,175.139999,175.309998,173.070007,173.800003,159.61882,1547700
2014-09-03,174.940002,175.639999,173.210007,173.5,159.343307,1454800
2014-09-04,173.990005,174.490005,172.759995,173.039993,158.920837,1109000
2014-09-05,173.169998,174.649994,172.369995,174.580002,160.33519,983600
2014-09-08,174.520004,175.570007,174.360001,174.770004,160.509705,926500
2014-09-09,175.600006,176.350006,174.839996,174.940002,160.665817,1418300
2014-09-10,174.960007,175.029999,173.720001,174.589996,160.344345,2210500
2014-09-11,174.380005,174.770004,173.580002,174.199997,159.986176,1299200
2014-09-12,174.169998,174.990005,173.710007,174.429993,160.197433,759400
2014-09-15,174.419998,175.779999,173.919998,175.600006,161.271973,678500
2014-09-16,175.130005,177.940002,175.020004,177.190002,162.732224,1186800
2014-09-17,177.779999,179.649994,177.449997,178.800003,164.210861,1152600
2014-09-18,179.369995,179.720001,178.300003,179.570007,164.918076,1040400
2014-09-19,180.490005,181.220001,180.220001,180.740005,165.992569,1896300
2014-09-22,179.720001,180.759995,178.759995,178.990005,164.385361,1097400
2014-09-23,178.529999,178.979996,175.919998,176.339996,161.951599,1451100
2014-09-24,176.279999,178.5,176.279999,178.389999,163.83432,959400
2014-09-25,178.100006,178.740005,176.259995,177.440002,162.961838,1739100
2014-09-26,177.539993,182.270004,177.539993,181.580002,166.764038,1877700
2014-09-29,181.800003,182.789993,180.110001,181.360001,166.561981,1579900
2014-09-30,182.600006,184.089996,182.130005,182.779999,167.86615,1981200
2014-10-01,181.149994,181.149994,177.080002,177.889999,163.375122,1901400
2014-10-02,177.660004,178.300003,175.789993,176.350006,161.96077,1468900
2014-10-03,177.669998,179.339996,176.919998,178.339996,163.788406,2463700
2014-10-06,179.619995,179.699997,176.669998,176.919998,162.484253,1486300
2014-10-07,176.399994,176.559998,173.0,173.020004,158.902466,1182700
2014-10-08,173.270004,176.550003,171.830002,176.350006,161.96077,1677600
2014-10-09,176.320007,176.559998,173.550003,174.550003,160.307617,1581500
2014-10-10,174.679993,176.779999,173.699997,174.470001,160.234192,1668600
2014-10-13,173.970001,176.449997,172.779999,172.880005,158.773865,1473800
2014-10-14,173.550003,177.75,173.139999,176.110001,161.740341,1585300
2014-10-15,174.009995,176.020004,170.259995,175.190002,160.895401,2180500
2014-10-16,173.229996,176.729996,172.449997,174.720001,160.46376,1972800
2014-10-17,176.839996,177.889999,175.860001,176.240005,161.859756,2360100
2014-10-20,175.929993,176.369995,173.929993,175.529999,161.207657,2054900
2014-10-21,170.149994,173.850006,166.279999,172.610001,158.525955,4106600
2014-10-22,171.0,177.839996,170.710007,176.009995,161.648499,3805700
2014-10-23,177.089996,181.630005,177.089996,180.669998,165.928299,2442900
2014-10-24,181.669998,181.759995,179.419998,181.330002,166.534454,1550700
2014-10-27,181.690002,183.100006,180.699997,183.0,168.068176,1071400
2014-10-28,184.100006,185.550003,182.679993,185.550003,170.410095,1809200
2014-10-29,186.029999,186.779999,184.910004,186.429993,171.218277,1663700
2014-10-30,185.960007,189.619995,184.830002,189.289993,173.844925,1586100
2014-10-31,191.399994,191.919998,189.660004,190.570007,175.020477,1699900
2014-11-03,191.300003,191.929993,188.630005,190.75,175.185791,1145900
2014-11-04,190.839996,192.940002,190.289993,190.789993,175.22258,1667900
2014-11-05,192.190002,192.339996,188.279999,189.729996,174.249023,1743800
2014-11-06,190.0,190.470001,189.080002,189.880005,174.38681,995100
2014-11-07,189.380005,189.410004,184.910004,186.149994,170.961121,2569400
2014-11-10,186.460007,187.259995,185.759995,186.990005,171.73262,1296200
2014-11-11,187.0,188.440002,186.740005,187.119995,171.852005,881400
2014-11-12,186.929993,187.820007,186.350006,186.869995,171.62236,789300
2014-11-13,187.179993,189.050003,186.929993,187.970001,172.632629,990600
2014-11-14,187.990005,188.0,185.910004,186.600006,171.374435,1665700
2014-11-17,186.690002,187.179993,185.360001,185.509995,170.373352,1160900
2014-11-18,185.279999,187.240005,184.5,186.559998,171.337677,1775200
2014-11-19,186.070007,186.759995,185.410004,186.0,170.823349,1167500
2014-11-20,185.649994,185.979996,184.389999,185.559998,170.419281,1021600
2014-11-21,187.960007,188.279999,187.179993,187.929993,172.595886,1328200
2014-11-24,188.279999,189.259995,188.0,188.820007,173.4133,1127000
2014-11-25,188.820007,190.039993,188.550003,188.669998,173.275543,1808100
2014-11-26,187.5,189.550003,187.130005,189.149994,175.108536,1320600
2014-11-28,189.619995,192.580002,189.0,191.559998,177.339615,940900
2014-12-01,190.929993,191.880005,190.020004,191.100006,176.913773,1538300
2014-12-02,190.669998,191.570007,189.320007,190.110001,175.997238,1659900
2014-12-03,190.199997,190.669998,189.649994,189.679993,175.599167,1383300
2014-12-04,189.979996,190.25,188.470001,189.729996,175.645462,900100
2014-12-05,189.070007,190.179993,188.470001,189.869995,175.775085,1204300
2014-12-08,190.0,190.610001,188.770004,189.850006,175.756561,1669000
2014-12-09,188.309998,190.75,188.130005,190.619995,176.469391,1140800
2014-12-10,189.75,190.699997,187.559998,187.910004,173.960587,1244000
2014-12-11,188.759995,190.399994,188.039993,189.25,175.201126,1170600
2014-12-12,187.279999,188.039993,184.779999,185.179993,171.433243,1204600
2014-12-15,185.589996,187.259995,183.059998,184.210007,170.535278,1308200
2014-12-16,184.0,188.429993,183.990005,185.389999,171.627655,1228600
2014-12-17,185.389999,185.929993,182.410004,185.149994,171.405472,1482600
2014-12-18,187.550003,191.720001,186.039993,191.639999,177.413681,1670500
2014-12-19,191.550003,194.240005,191.009995,192.850006,178.533859,2609100
2014-12-22,193.399994,196.960007,193.399994,196.449997,181.866608,1105500
2014-12-23,198.5,198.720001,195.75,195.770004,181.237106,986000
2014-12-24,195.970001,197.910004,195.789993,196.429993,181.848114,403200
2014-12-26,196.710007,197.809998,196.580002,196.839996,182.227631,547400
2014-12-29,196.929993,196.929993,194.710007,195.639999,181.11673,610800
2014-12-30,195.240005,196.410004,195.0,195.429993,180.922318,523600
2014-12-31,194.910004,195.970001,192.520004,192.570007,178.274643,706500
2015-01-02,192.100006,194.479996,191.039993,193.309998,178.959686,902100
2015-01-05,192.899994,194.5,188.600006,189.289993,175.238144,1506200
2015-01-06,189.619995,190.990005,186.800003,188.399994,174.414185,1205800
2015-01-07,189.320007,191.020004,189.220001,190.830002,176.663803,941900
2015-01-08,190.899994,196.880005,190.899994,195.130005,180.644592,1950900
2015-01-09,195.089996,197.070007,194.820007,195.020004,180.54277,1439500
2015-01-12,195.509995,196.229996,193.710007,194.470001,180.033615,896400
2015-01-13,196.139999,198.440002,192.679993,194.350006,179.922516,1095000
2015-01-14,194.149994,194.240005,191.630005,193.229996,178.885635,1101100
2015-01-15,194.160004,194.729996,191.850006,192.369995,178.089478,896600
2015-01-16,191.880005,194.770004,191.880005,194.710007,180.255783,1085600
2015-01-20,196.630005,196.990005,193.009995,195.75,181.218582,857800
2015-01-21,195.0,196.75,194.110001,195.5,180.987152,966600
2015-01-22,197.0,198.559998,195.279999,198.089996,183.384872,1307900
2015-01-23,197.990005,198.880005,196.949997,197.440002,182.783142,1313000
2015-01-26,196.25,196.919998,193.029999,195.679993,181.153778,1338900
2015-01-27,193.0,193.490005,190.320007,190.550003,176.404617,1942700
2015-01-28,191.839996,194.800003,189.0,189.25,175.201126,1570400
2015-01-29,189.259995,192.529999,187.100006,192.5,178.209824,2017000
2015-01-30,189.770004,190.960007,188.279999,188.369995,174.386444,2287900
2015-02-02,188.410004,189.759995,186.009995,189.330002,175.275162,1554000
2015-02-03,190.380005,192.300003,189.589996,192.0,177.746964,1618200
2015-02-04,191.339996,193.529999,190.619995,192.279999,178.006165,1230900
2015-02-05,193.080002,194.470001,191.580002,194.059998,179.654053,1063200
2015-02-06,194.289993,196.949997,192.899994,195.240005,180.746445,1127100
2015-02-09,194.350006,194.990005,192.699997,193.020004,178.691254,1208300
2015-02-10,195.100006,195.979996,193.880005,195.669998,181.144531,1280600
2015-02-11,195.169998,197.179993,195.0,196.309998,181.737,1439300
2015-02-12,196.710007,198.229996,196.389999,197.479996,182.820145,1217900
2015-02-13,197.289993,198.389999,196.190002,196.949997,182.329514,1253900
2015-02-17,196.529999,198.300003,195.770004,197.570007,182.903488,1023300
2015-02-18,197.570007,198.580002,196.949997,198.570007,183.829239,902000
2015-02-19,198.559998,201.740005,197.970001,201.710007,186.73616,1775000
2015-02-20,200.860001,204.0,200.279999,203.990005,188.846878,1301400
2015-02-23,204.0,205.660004,203.199997,205.589996,190.328125,1440600
2015-02-24,205.509995,206.929993,204.820007,206.619995,191.281647,1168600
2015-02-25,207.050003,207.059998,204.5,204.860001,189.652328,2759800
2015-02-26,203.25,203.839996,200.529999,201.330002,187.759125,1349700
2015-02-27,201.0,201.940002,200.0,200.050003,186.56543,1311400
2015-03-02,200.050003,203.130005,200.050003,203.020004,189.335236,1037400
2015-03-03,202.449997,202.449997,199.429993,199.929993,186.453476,1312100
2015-03-04,199.699997,200.080002,198.779999,198.970001,185.558212,851400
2015-03-05,199.369995,200.029999,198.75,199.100006,185.679474,872300
2015-03-06,198.380005,198.639999,196.710007,197.660004,184.336533,1220300
2015-03-09,197.419998,200.490005,197.210007,199.740005,186.276306,887600
2015-03-10,198.410004,198.979996,197.309998,197.580002,184.261917,1087100
2015-03-11,197.940002,198.410004,196.910004,197.210007,183.916855,953000
2015-03-12,197.539993,198.949997,197.539993,198.779999,185.381027,1047200
2015-03-13,197.970001,199.009995,195.600006,197.110001,183.823578,1155400
2015-03-16,198.220001,202.300003,198.100006,202.110001,188.486542,1198000
2015-03-17,201.479996,202.0,200.029999,200.669998,187.143646,936600
2015-03-18,200.770004,203.490005,198.360001,202.600006,188.943527,872800
2015-03-19,202.5,203.360001,201.039993,202.190002,188.561172,1178000
2015-03-20,203.050003,204.039993,201.669998,203.770004,190.034698,3938100
2015-03-23,203.330002,204.589996,202.919998,202.919998,189.241959,1028100
2015-03-24,202.339996,204.369995,200.949997,203.300003,189.596344,1250900
2015-03-25,203.339996,204.0,199.0,199.020004,185.604874,1338200
2015-03-26,197.570007,201.119995,196.259995,200.559998,187.041061,1499700
2015-03-27,200.559998,202.869995,200.240005,202.229996,188.598465,1256400
2015-03-30,203.5,206.190002,203.0,204.889999,191.079178,1049000
2015-03-31,203.460007,205.169998,202.960007,202.960007,189.279266,1261500
2015-04-01,202.100006,202.470001,197.429993,198.759995,185.362366,1897200
2015-04-02,199.369995,199.559998,197.669998,198.720001,185.325089,1387600
2015-04-06,199.330002,201.119995,197.850006,200.529999,187.013077,1366300
2015-04-07,201.0,202.550003,199.899994,200.149994,186.658676,1084800
2015-04-08,200.449997,201.889999,199.630005,200.809998,187.274185,944800
2015-04-09,200.520004,201.910004,200.289993,201.440002,187.861725,828100
2015-04-10,201.369995,202.190002,200.279999,200.399994,186.89183,1279000
2015-04-13,200.029999,201.130005,196.820007,197.050003,183.767654,2130400
2015-04-14,196.889999,197.770004,196.350006,197.339996,184.038086,1586900
2015-04-15,198.270004,199.460007,197.039993,197.210007,183.916855,1154300
2015-04-16,196.580002,198.039993,195.669998,197.119995,183.832916,1065300
2015-04-17,195.800003,196.440002,193.940002,194.820007,181.687943,1229900
2015-04-20,195.279999,197.649994,195.0,196.800003,183.534485,1276600
2015-04-21,198.050003,198.339996,195.110001,196.289993,183.058868,1421000
2015-04-22,196.699997,198.089996,195.210007,197.630005,184.308578,1127300
2015-04-23,197.490005,198.929993,196.050003,197.199997,183.907516,1178700
2015-04-24,197.009995,197.240005,195.0,195.369995,182.200882,1307400
2015-04-27,195.639999,196.580002,193.529999,193.839996,180.773987,1377700
2015-04-28,193.75,194.270004,191.589996,194.020004,180.941895,1095600
2015-04-29,193.380005,194.070007,190.929993,191.289993,178.395905,1427200
2015-04-30,190.970001,191.460007,185.649994,186.600006,174.022034,2257200
2015-05-01,186.800003,189.149994,186.800003,189.0,176.260239,1196000
2015-05-04,189.199997,190.850006,189.149994,189.690002,176.903763,912400
2015-05-05,189.25,189.899994,187.110001,187.350006,174.721497,993600
2015-05-06,188.509995,189.070007,185.910004,186.830002,174.236542,1192200
2015-05-07,186.649994,188.949997,186.339996,188.210007,175.523499,1040700
2015-05-08,189.960007,191.039993,189.479996,190.479996,177.640503,950500
2015-05-11,189.809998,191.179993,189.539993,190.470001,177.63118,832000
2015-05-12,189.220001,191.309998,188.550003,190.610001,177.761734,941800
2015-05-13,190.970001,191.990005,190.809998,191.0,178.125458,980900
2015-05-14,191.619995,193.350006,191.470001,193.050003,180.037262,1004500
2015-05-15,193.029999,193.809998,192.100006,192.360001,179.393753,1356500
2015-05-18,192.449997,193.630005,192.360001,193.080002,180.065231,822100
2015-05-19,193.020004,194.309998,192.910004,193.380005,180.345032,772100
2015-05-20,193.899994,193.899994,192.460007,193.25,180.223785,826500
2015-05-21,193.570007,193.940002,192.520004,193.110001,180.093216,769700
2015-05-22,193.259995,193.360001,192.160004,192.860001,179.860077,995600
2015-05-26,192.679993,192.679993,190.139999,190.509995,177.668457,1380400
2015-05-27,190.449997,191.589996,190.039993,191.350006,178.451859,1196100
2015-05-28,189.410004,190.759995,188.929993,190.119995,178.705612,1468900
2015-05-29,189.929993,190.100006,187.619995,188.199997,176.900894,1517400
2015-06-01,189.479996,192.25,188.369995,191.070007,179.598633,2003600
2015-06-02,190.610001,191.289993,188.800003,190.770004,179.316605,1469200
2015-06-03,191.419998,192.330002,190.789993,191.889999,180.36937,1340300
2015-06-04,190.759995,192.289993,189.990005,190.169998,178.752655,1854000
2015-06-05,189.410004,189.770004,188.429993,189.330002,177.963058,1389100
2015-06-08,189.339996,190.830002,189.059998,189.369995,178.000671,964800
2015-06-09,190.429993,190.539993,189.300003,189.350006,177.981857,1041200
2015-06-10,189.350006,190.649994,188.839996,189.279999,177.916077,1729300
2015-06-11,189.419998,191.539993,189.419998,191.479996,179.983994,1333100
2015-06-12,190.589996,191.529999,190.220001,190.979996,179.514008,1110100
2015-06-15,190.0,190.580002,189.009995,189.919998,178.517624,710600
2015-06-16,189.259995,191.139999,188.889999,190.820007,179.363617,853800
2015-06-17,191.360001,191.779999,189.720001,191.020004,179.55162,862100
2015-06-18,191.5,194.490005,191.389999,192.75,181.177734,1159700
2015-06-19,192.690002,192.690002,190.990005,191.139999,179.664398,1234900
2015-06-22,191.949997,192.979996,191.660004,192.080002,180.547974,716800
2015-06-23,192.429993,192.949997,190.880005,191.639999,180.134399,572900
2015-06-24,191.220001,191.789993,190.119995,190.169998,178.752655,857600
2015-06-25,190.5,191.169998,189.679993,189.990005,178.58345,884900
2015-06-26,190.529999,190.559998,188.509995,188.639999,177.314514,1876300
2015-06-29,187.589996,188.520004,185.410004,185.520004,174.381836,1202600
2015-06-30,187.169998,187.789993,185.330002,185.899994,174.739014,1275200
2015-07-01,186.009995,188.289993,186.009995,188.169998,176.872696,950000
2015-07-02,188.710007,188.789993,186.759995,187.300003,176.054947,1024500
2015-07-06,186.729996,188.479996,186.419998,187.990005,176.703537,902600
2015-07-07,188.570007,190.279999,187.539993,190.160004,178.74324,1328500
2015-07-08,188.509995,191.330002,188.289993,190.050003,178.639862,1528200
2015-07-09,191.759995,193.119995,191.210007,192.130005,180.594971,1442100
2015-07-10,193.990005,197.0,192.869995,194.190002,182.531296,1638900
2015-07-13,196.0,198.389999,195.610001,197.880005,185.999756,1197200
2015-07-14,198.899994,199.820007,198.360001,199.050003,187.099503,1059200
2015-07-15,199.190002,199.639999,198.059998,199.410004,187.437897,972200
2015-07-16,199.800003,201.809998,199.600006,201.619995,189.515198,975600
2015-07-17,200.929993,201.660004,200.399994,201.179993,189.101608,997900
2015-07-20,202.309998,205.389999,201.029999,205.130005,192.814499,2052000
2015-07-21,204.440002,204.759995,202.850006,203.149994,190.953354,1767000
2015-07-22,203.330002,204.440002,202.0,202.789993,190.61496,1124200
2015-07-23,202.809998,204.960007,202.639999,202.830002,190.652557,1175100
2015-07-24,202.800003,202.940002,200.679993,201.039993,188.970016,1124800
2015-07-27,200.360001,201.759995,199.380005,201.169998,189.092209,997600
2015-07-28,202.419998,204.720001,201.279999,203.630005,191.404556,1125300
2015-07-29,204.770004,210.410004,204.309998,208.149994,195.653168,2491000
2015-07-30,207.220001,208.5,205.949997,206.470001,194.07402,1554700
2015-07-31,207.610001,208.509995,206.529999,207.100006,194.666229,1116800
2015-08-03,207.270004,207.990005,206.059998,207.789993,195.314774,1064200
2015-08-04,208.509995,209.789993,207.25,209.529999,196.950333,1066100
2015-08-05,210.020004,210.75,209.070007,209.429993,196.856308,1209900
2015-08-06,209.729996,209.940002,208.160004,209.259995,196.696518,1147900
2015-08-07,209.0,209.389999,207.220001,209.089996,196.536728,997500
2015-08-10,210.039993,211.570007,209.339996,210.779999,198.125259,978500
2015-08-11,209.050003,209.759995,207.899994,208.860001,196.320541,985800
2015-08-12,207.539993,209.320007,206.75,208.779999,196.245331,917900
2015-08-13,208.729996,210.710007,208.690002,209.789993,197.194702,1091200
2015-08-14,209.75,212.080002,209.330002,211.960007,199.234436,916000
2015-08-17,210.880005,213.119995,210.770004,213.020004,200.230774,776300
2015-08-18,212.360001,213.339996,212.139999,212.669998,199.901794,774500
2015-08-19,211.960007,212.910004,210.669998,211.279999,198.595245,1302600
2015-08-20,210.979996,211.5,209.130005,209.130005,196.574341,1405700
2015-08-21,208.559998,208.839996,204.570007,204.679993,192.391495,2038500
2015-08-24,190.009995,203.270004,181.910004,197.460007,185.604996,3308700
2015-08-25,205.5,205.509995,198.550003,198.979996,187.033691,2100600
2015-08-26,203.229996,203.229996,196.850006,202.119995,189.985168,2933800
2015-08-27,203.919998,206.940002,202.910004,205.429993,193.096451,1688100
2015-08-28,203.630005,204.479996,201.380005,203.899994,193.068039,1391200
2015-08-31,203.210007,203.240005,201.080002,201.179993,190.492569,1086800
2015-09-01,197.869995,199.589996,197.020004,197.619995,187.121674,1673700
2015-09-02,199.690002,204.119995,199.279999,204.039993,193.200607,1490600
2015-09-03,204.690002,206.460007,204.320007,205.199997,194.298996,1350900
2015-09-04,203.539993,204.339996,201.410004,202.619995,191.856033,1213100
2015-09-08,204.179993,207.289993,204.0,207.009995,196.012833,1320700
2015-09-09,209.0,209.240005,204.520004,204.660004,193.787689,1110300
2015-09-10,203.710007,207.289993,203.710007,206.149994,195.198502,1370200
2015-09-11,205.809998,206.960007,205.330002,206.809998,195.823471,1085500
2015-09-14,207.029999,207.029999,205.559998,206.0,195.056503,1034300
2015-09-15,206.380005,208.539993,205.509995,207.839996,196.798752,1253700
2015-09-16,207.639999,208.190002,206.330002,207.559998,196.53363,927800
2015-09-17,207.850006,210.529999,207.130005,207.600006,196.571503,958900
2015-09-18,206.0,206.029999,202.649994,203.309998,192.509384,3010600
2015-09-21,204.350006,205.789993,203.190002,204.350006,193.494156,964700
2015-09-22,202.460007,203.970001,201.5,203.660004,192.840805,1119200
2015-09-23,204.130005,204.990005,201.710007,202.770004,191.998093,601100
2015-09-24,201.5,205.889999,199.559998,204.759995,193.88237,1667600
2015-09-25,206.740005,206.779999,203.0,203.889999,193.058578,1414000
2015-09-28,202.550003,204.440002,200.0,200.220001,189.583557,1315400
2015-09-29,200.0,202.919998,199.009995,202.470001,191.71402,1226600
2015-09-30,204.339996,207.710007,204.229996,207.309998,196.296906,1721800
2015-10-01,206.309998,207.339996,202.820007,204.75,193.872894,1889700
2015-10-02,202.009995,206.610001,201.809998,206.610001,195.634109,1154800
2015-10-05,208.300003,211.860001,207.699997,211.729996,200.482086,1347600
2015-10-06,211.699997,212.649994,210.270004,210.399994,199.222748,1625700
2015-10-07,211.789993,214.020004,211.039993,212.949997,201.637268,1122200
2015-10-08,212.279999,214.660004,211.339996,214.369995,202.981857,782100
2015-10-09,214.440002,216.270004,213.220001,213.259995,201.930832,1340000
2015-10-12,213.610001,214.630005,212.759995,214.330002,202.943985,1048100
2015-10-13,213.220001,214.360001,211.940002,211.979996,200.718811,1026200
2015-10-14,212.050003,212.589996,207.990005,208.149994,197.09227,1192100
2015-10-15,209.229996,211.699997,207.509995,209.179993,198.067551,1496900
2015-10-16,210.399994,211.0,208.690002,209.779999,198.635696,1145300
2015-10-19,209.240005,210.729996,208.5,210.639999,199.450012,1329900
2015-10-20,207.380005,209.550003,205.139999,208.729996,197.641479,1901000
2015-10-21,209.759995,213.160004,208.740005,211.559998,200.321121,1332400
2015-10-22,212.220001,216.990005,212.220001,216.509995,205.008163,1190100
2015-10-23,218.0,219.419998,217.229996,219.320007,207.668884,1280900
2015-10-26,219.320007,221.350006,218.889999,220.940002,209.20282,1383800
2015-10-27,219.970001,225.149994,219.809998,223.039993,211.191269,1399900
2015-10-28,222.25,224.440002,218.360001,221.039993,209.297501,1973500
2015-10-29,221.0,222.690002,217.770004,218.25,206.655731,1795900
2015-10-30,219.0,220.690002,218.330002,219.830002,208.151794,1774000
2015-11-02,219.889999,221.0,218.910004,220.589996,208.871414,1160700
2015-11-03,220.0,220.460007,218.339996,218.899994,207.271194,1046300
2015-11-04,219.710007,220.350006,218.509995,218.830002,207.204926,932900
2015-11-05,219.169998,220.589996,218.009995,218.600006,206.987152,911600
2015-11-06,218.0,218.490005,215.039993,216.630005,205.12178,1455400
2015-11-09,215.770004,216.369995,214.059998,214.699997,203.294312,1657300
2015-11-10,214.369995,215.740005,212.630005,214.070007,202.697784,1165900
2015-11-11,214.369995,216.529999,214.259995,215.110001,203.682526,1197100
2015-11-12,214.5,215.059998,212.660004,213.580002,202.23381,1292200
2015-11-13,213.5,214.820007,211.779999,213.160004,201.836121,1059100
2015-11-16,214.309998,220.839996,214.080002,220.669998,208.947174,1516000
2015-11-17,222.070007,225.25,220.809998,222.389999,210.57579,2081500
2015-11-18,222.539993,223.369995,220.720001,223.220001,211.361694,1185400
2015-11-19,224.479996,225.470001,223.5,224.0,212.100266,1410700
2015-11-20,225.449997,226.979996,224.960007,226.059998,214.050827,1321200
2015-11-23,226.5,227.679993,225.470001,226.029999,214.02243,939900
2015-11-24,224.960007,226.990005,224.509995,226.429993,214.401169,1234300
2015-11-25,226.479996,227.910004,225.320007,225.800003,213.804626,2156400
2015-11-27,225.529999,226.229996,224.309998,225.910004,215.483414,972800
2015-11-30,223.600006,223.679993,218.529999,219.160004,209.044968,3000800
2015-12-01,220.059998,223.100006,219.369995,220.199997,210.036942,1267200
2015-12-02,220.25,220.949997,218.779999,218.940002,208.835098,1307400
2015-12-03,219.270004,219.759995,214.690002,215.460007,205.515732,1776500
2015-12-04,216.0,219.899994,216.0,218.389999,208.310516,1701600
2015-12-07,218.339996,219.619995,217.550003,219.130005,209.016357,1537800
2015-12-08,217.690002,219.779999,217.300003,218.809998,208.711105,844400
2015-12-09,218.020004,220.259995,216.610001,217.539993,207.49968,1194900
2015-12-10,217.919998,219.75,217.0,218.880005,208.777893,1119200
2015-12-11,217.539993,219.160004,216.699997,217.199997,207.1754,1801900
2015-12-14,215.990005,217.570007,214.720001,216.580002,206.58403,2026500
2015-12-15,217.0,217.240005,214.720001,214.839996,204.924332,1539800
2015-12-16,216.0,218.110001,214.75,217.5,207.461578,1352000
2015-12-17,217.860001,218.770004,215.160004,215.220001,205.286789,1282300
2015-12-18,213.75,215.169998,211.850006,212.179993,202.387085,2058200
2015-12-21,213.800003,215.589996,213.520004,215.470001,205.525269,1066800
2015-12-22,216.160004,218.229996,215.580002,217.580002,207.537888,895200
2015-12-23,218.0,218.350006,217.179993,217.929993,207.871719,742400
2015-12-24,218.0,219.0,217.490005,218.559998,208.472641,524400
2015-12-28,218.080002,218.770004,217.429993,218.410004,208.329575,612900
2015-12-29,219.360001,221.350006,218.800003,220.470001,210.294479,768300
2015-12-30,220.929993,221.240005,219.619995,219.800003,209.655426,633500
2015-12-31,219.580002,219.949997,215.779999,217.149994,207.127716,1156200
