2014-01-02,138.050003,139.0,137.610001,138.130005,125.665627,3052100
2014-01-03,138.369995,138.880005,138.029999,138.449997,125.956741,2133300
2014-01-06,138.75,139.289993,137.479996,137.630005,125.210739,2712100
2014-01-07,137.449997,138.199997,137.130005,137.649994,125.228935,2525500
2014-01-08,137.479996,137.75,136.339996,136.630005,124.300987,3122700
2014-01-09,137.020004,137.429993,136.199997,136.449997,124.137199,2539900
2014-01-10,136.949997,137.190002,135.679993,136.179993,123.891556,3254300
2014-01-13,135.809998,137.059998,134.570007,134.679993,122.526939,2633400
2014-01-14,135.110001,137.410004,134.740005,137.410004,125.010605,2479700
2014-01-15,137.770004,138.820007,137.559998,138.440002,125.947632,3025900
2014-01-16,137.740005,138.5,137.630005,138.160004,125.692932,1792700
2014-01-17,137.979996,138.75,136.979996,137.309998,124.919624,2327900
2014-01-21,138.449997,138.949997,136.300003,136.990005,124.62854,2705700
2014-01-22,137.350006,137.490005,136.330002,136.479996,124.164505,2118800
2014-01-23,135.639999,135.660004,133.949997,134.710007,122.554237,2720300
2014-01-24,133.729996,133.729996,130.220001,130.220001,118.469383,3776100
2014-01-27,130.020004,130.589996,128.660004,128.960007,117.323097,3312800
2014-01-28,129.429993,130.009995,129.100006,129.809998,118.096382,2734200
2014-01-29,130.100006,131.270004,129.0,130.25,118.496689,3584000
2014-01-30,129.960007,129.960007,126.529999,128.050003,116.495209,4102600
2014-01-31,126.599998,129.199997,126.419998,128.190002,116.622589,3715400
2014-02-03,128.220001,128.589996,123.610001,123.900002,112.719704,4245100
2014-02-04,126.089996,127.639999,124.120003,126.720001,115.285225,7412500
2014-02-05,128.009995,128.759995,125.919998,127.360001,115.86747,4960000
2014-02-06,127.599998,129.199997,127.099998,128.899994,117.268494,3828400
2014-02-07,129.570007,130.389999,128.809998,130.330002,118.569481,3263200
2014-02-10,129.649994,130.410004,129.020004,129.699997,117.996315,3317400
2014-02-11,129.699997,131.490005,129.649994,130.979996,119.160812,2604000
2014-02-12,130.339996,131.0,130.009995,130.440002,119.44928,2100600
2014-02-13,129.289993,130.380005,128.660004,130.139999,119.174545,2850600
2014-02-14,129.770004,132.190002,129.5,132.119995,120.987717,3030000
2014-02-18,132.309998,132.75,131.639999,131.800003,120.694702,2876500
2014-02-19,131.330002,132.710007,130.460007,130.559998,119.559166,2719400
2014-02-20,130.649994,132.029999,130.050003,131.559998,120.474915,2155800
2014-02-21,131.559998,132.330002,131.300003,131.570007,120.484062,2574300
2014-02-24,131.889999,133.460007,131.440002,132.199997,121.060974,2454300
2014-02-25,132.270004,133.429993,131.860001,132.929993,121.729469,2863100
2014-02-26,133.130005,133.460007,132.279999,132.860001,121.665375,2771100
2014-02-27,132.630005,134.580002,132.0,134.339996,123.02066,3124000
2014-02-28,134.190002,135.199997,133.919998,134.729996,123.377792,3179400
2014-03-03,133.070007,133.809998,131.669998,132.210007,121.070152,2814400
2014-03-04,131.919998,133.080002,131.580002,132.679993,121.500496,6975500
2014-03-05,132.660004,134.029999,132.190002,133.850006,122.57196,3551400
2014-03-06,134.369995,134.740005,134.020004,134.080002,122.782585,2236800
2014-03-07,134.880005,135.0,133.710007,134.110001,122.810036,2381400
2014-03-10,133.979996,134.080002,133.100006,133.559998,122.306389,1966100
2014-03-11,133.729996,133.839996,132.229996,132.509995,121.344849,1928900
2014-03-12,132.070007,132.759995,131.589996,132.570007,121.399811,2637000
2014-03-13,133.190002,133.669998,130.639999,130.809998,119.788101,2520700
2014-03-14,130.080002,131.110001,129.699997,129.830002,118.890678,2975100
2014-03-17,130.660004,132.690002,130.660004,132.270004,121.125092,2529400
2014-03-18,132.490005,133.229996,132.25,132.740005,121.555481,2032800
2014-03-19,132.75,132.850006,130.580002,131.229996,120.172722,2141000
2014-03-20,131.149994,132.850006,130.860001,132.429993,121.271584,2577500
2014-03-21,133.580002,134.240005,132.899994,133.119995,121.903435,5920400
2014-03-24,133.320007,133.699997,131.880005,132.419998,121.262444,2793600
2014-03-25,133.660004,134.529999,132.899994,134.059998,122.764267,2897600
2014-03-26,134.660004,134.889999,133.089996,133.089996,121.875977,2318900
2014-03-27,132.820007,133.490005,132.179993,132.839996,121.647079,2402500
2014-03-28,133.580002,134.970001,133.179993,134.199997,122.892448,1906500
2014-03-31,134.610001,135.869995,134.580002,135.660004,124.229462,2711800
2014-04-01,135.880005,136.649994,135.669998,136.529999,125.026154,2370800
2014-04-02,135.990005,136.25,135.330002,136.0,124.540825,3281400
2014-04-03,136.220001,137.190002,135.699997,136.139999,124.669006,2676200
2014-04-04,136.899994,137.770004,135.770004,135.860001,124.412582,2735300
2014-04-07,135.809998,136.25,134.389999,134.399994,123.075607,2807500
2014-04-08,134.440002,135.149994,133.429993,134.839996,123.478554,2893600
2014-04-09,135.0,135.869995,134.5,135.839996,124.394257,2671900
2014-04-10,135.729996,136.429993,133.899994,133.970001,122.681854,2857200
2014-04-11,133.369995,133.839996,132.389999,132.389999,121.234962,2368200
2014-04-14,133.449997,133.520004,132.020004,133.149994,121.930923,2058100
2014-04-15,133.270004,134.350006,132.020004,134.089996,122.79171,2119000
2014-04-16,135.169998,136.779999,134.809998,136.770004,125.245903,2135200
2014-04-17,137.300003,138.25,137.25,137.729996,126.125046,2645600
2014-04-21,137.25,138.710007,137.179993,138.619995,126.940033,1781100
2014-04-22,138.5,139.520004,138.130005,138.889999,127.187302,2252500
2014-04-23,138.809998,138.889999,137.889999,137.990005,126.363136,2847500
2014-04-24,136.380005,136.990005,135.0,136.649994,125.136047,2847800
2014-04-25,136.5,136.960007,135.690002,136.559998,125.053612,2093100
2014-04-28,137.429993,138.350006,135.970001,137.229996,125.66716,2244300
2014-04-29,137.869995,137.899994,136.559998,137.550003,125.960205,1820900
2014-04-30,137.630005,139.199997,137.330002,139.089996,127.370468,2904000
2014-05-01,139.5,141.490005,139.119995,140.809998,128.945511,3997400
2014-05-02,141.630005,141.830002,139.869995,140.119995,128.31366,5758500
2014-05-05,139.139999,141.050003,138.649994,140.610001,128.76236,2710900
2014-05-06,140.279999,140.429993,139.169998,139.289993,127.553589,2299700
2014-05-07,139.979996,141.25,139.179993,141.139999,129.247711,2238500
2014-05-08,140.880005,142.119995,140.509995,140.830002,128.963791,1939400
2014-05-09,140.559998,141.369995,140.25,141.339996,129.430847,2093000
2014-05-12,141.779999,142.940002,141.710007,142.820007,130.786163,2972100
2014-05-13,143.0,143.369995,142.320007,142.429993,130.429016,1695400
2014-05-14,142.479996,142.770004,141.410004,141.600006,129.668961,2113400
2014-05-15,141.559998,141.740005,140.020004,140.979996,129.101151,2388400
2014-05-16,140.929993,141.199997,139.910004,141.130005,129.238571,1901700
2014-05-19,140.070007,142.0,139.979996,141.669998,129.733032,1529200
2014-05-20,141.600006,141.899994,139.889999,140.229996,128.414398,1845100
2014-05-21,139.770004,140.789993,139.770004,140.660004,129.598343,1641000
2014-05-22,140.710007,140.960007,140.259995,140.309998,129.275864,1550100
2014-05-23,140.229996,141.179993,140.050003,141.139999,130.040588,1209400
2014-05-27,141.5,141.600006,141.130005,141.440002,130.316971,1512300
2014-05-28,141.809998,141.899994,141.059998,141.429993,130.307755,1566100
2014-05-29,141.5,142.429993,141.190002,142.389999,131.192276,1624100
2014-05-30,142.110001,142.669998,141.779999,142.550003,131.339722,3908500
2014-06-02,142.270004,142.910004,141.690002,142.320007,131.127792,1682300
2014-06-03,142.080002,143.130005,141.610001,142.889999,131.652985,2061700
2014-06-04,142.910004,143.0,142.259995,142.259995,131.072479,1335700
2014-06-05,142.759995,143.740005,141.899994,143.710007,132.408478,1542300
2014-06-06,143.990005,144.639999,143.529999,144.639999,133.265335,1768700
2014-06-09,144.639999,145.529999,144.610001,145.320007,133.891861,1800900
2014-06-10,144.970001,145.210007,144.460007,144.970001,133.569412,1700000
2014-06-11,144.660004,144.970001,144.190002,144.410004,133.053436,1489900
2014-06-12,144.949997,144.949997,142.779999,143.070007,131.818848,1839400
2014-06-13,143.190002,143.75,142.830002,143.360001,132.085999,1376200
2014-06-16,142.929993,143.529999,142.600006,143.320007,132.049149,1274300
2014-06-17,143.009995,143.990005,142.639999,143.690002,132.39006,1209400
2014-06-18,143.929993,144.389999,142.770004,144.330002,132.979721,1340700
2014-06-19,144.529999,144.720001,143.990005,144.490005,133.127151,1560500
2014-06-20,144.539993,145.300003,144.199997,145.160004,133.744461,4204600
2014-06-23,145.100006,145.300003,144.009995,144.089996,132.758591,1390200
2014-06-24,143.710007,144.619995,143.050003,143.089996,131.837234,1404500
2014-06-25,143.0,144.380005,142.880005,143.649994,132.35318,1321800
2014-06-26,143.75,143.990005,142.559998,143.729996,132.42688,1490900
2014-06-27,143.169998,144.070007,143.059998,143.690002,132.39006,1981800
2014-06-30,143.919998,143.929993,143.059998,143.240005,131.975449,1878400
2014-07-01,143.410004,144.820007,143.380005,144.559998,133.19162,1767600
2014-07-02,144.229996,145.300003,143.559998,145.229996,133.808929,1621300
2014-07-03,145.25,145.729996,145.0,145.410004,133.974777,1142200
2014-07-07,145.479996,145.580002,144.5,144.910004,133.514114,1257900
2014-07-08,145.220001,145.399994,144.479996,144.559998,133.19162,1596700
2014-07-09,144.779999,145.039993,144.029999,144.679993,133.302216,1521800
2014-07-10,143.5,144.199997,143.240005,143.889999,132.57431,2070100
2014-07-11,144.139999,144.490005,143.539993,144.309998,132.961288,1907900
2014-07-14,144.990005,145.710007,144.75,145.0,133.597046,2114600
2014-07-15,145.0,145.479996,144.360001,145.059998,133.652298,1955700
2014-07-16,145.279999,146.25,145.029999,146.169998,134.674988,1969200
2014-07-17,145.330002,145.669998,143.449997,143.539993,132.251831,2776500
2014-07-18,143.830002,145.059998,143.539993,144.830002,133.440384,2133000
2014-07-21,144.660004,144.869995,143.649994,144.300003,132.952087,1520900
2014-07-22,144.889999,145.669998,144.889999,145.119995,133.707596,1608200
2014-07-23,145.339996,145.449997,144.529999,144.679993,133.302216,1849400
2014-07-24,145.509995,146.429993,144.470001,145.130005,133.716797,2580000
2014-07-25,145.660004,145.940002,144.589996,145.119995,133.707596,1601800
2014-07-28,144.919998,145.630005,143.779999,145.529999,134.085342,2002200
2014-07-29,145.220001,146.270004,143.990005,144.020004,132.694092,2286600
2014-07-30,144.259995,144.779999,143.520004,143.740005,132.436096,2458400
2014-07-31,143.330002,143.550003,140.600006,140.889999,129.810226,3571100
2014-08-01,140.149994,141.039993,139.080002,140.110001,129.091583,2505800
2014-08-04,140.149994,140.979996,139.210007,140.75,129.681229,2494500
2014-08-05,140.619995,141.119995,139.339996,139.779999,128.787552,2168500
2014-08-06,139.139999,139.940002,138.429993,139.550003,128.575623,2679000
2014-08-07,140.050003,140.369995,138.960007,139.130005,128.188675,1892500
2014-08-08,139.300003,140.889999,138.889999,140.850006,129.773422,2702600
2014-08-11,140.929993,141.5,140.539993,140.580002,129.524628,1919100
2014-08-12,140.619995,141.210007,140.429993,140.880005,129.801041,2176100
2014-08-13,141.350006,141.830002,140.919998,141.800003,130.648666,3104300
2014-08-14,142.0,142.389999,141.850006,142.339996,131.14621,1586900
2014-08-15,142.809998,142.979996,141.020004,141.919998,130.759232,1960900
2014-08-18,142.75,144.190002,142.589996,144.119995,132.78624,1852900
2014-08-19,144.470001,145.009995,143.809998,144.25,132.906006,1592500
2014-08-20,143.860001,144.820007,143.5,144.600006,134.022873,2298800
2014-08-21,144.779999,144.990005,144.350006,144.5,133.930145,1475800
2014-08-22,144.5,144.830002,144.020004,144.130005,133.58725,1547500
2014-08-25,144.660004,144.990005,144.419998,144.699997,134.115555,1012900
2014-08-26,145.0,145.389999,144.570007,144.600006,134.022873,1808100
2014-08-27,144.429993,144.860001,143.630005,143.940002,133.411133,1402200
2014-08-28,143.320007,144.119995,143.020004,143.979996,133.448196,1314100
2014-08-29,144.059998,144.389999,143.179993,144.0,133.466751,1537800
2014-09-02,143.300003,144.610001,143.300003,144.220001,133.67067,1578800
2014-09-03,144.470001,144.720001,143.550003,143.820007,133.299927,1533600
2014-09-04,144.210007,144.649994,143.350006,143.610001,133.10527,1549800
2014-09-05,143.639999,144.320007,143.149994,144.199997,133.652115,1989100
2014-09-08,144.410004,145.449997,144.110001,144.889999,134.291656,2446100
2014-09-09,144.699997,145.259995,144.25,144.460007,133.893097,1745400
2014-09-10,144.630005,144.990005,144.0,144.639999,134.059937,1558800
2014-09-11,143.990005,144.380005,143.600006,144.350006,133.791168,1465400
2014-09-12,144.449997,144.449997,143.5,143.940002,133.411133,2135400
2014-09-15,144.169998,144.690002,143.660004,144.479996,133.911621,1868000
2014-09-16,143.800003,144.990005,143.589996,144.850006,134.254593,1945100
2014-09-17,144.919998,145.789993,144.270004,145.369995,134.736526,2757000
2014-09-18,145.699997,147.059998,145.690002,146.839996,136.099014,2364800
2014-09-19,147.419998,147.869995,146.520004,146.690002,135.959976,8106200
2014-09-22,146.919998,147.0,145.5,145.710007,135.051666,2231000
2014-09-23,145.229996,145.600006,144.350006,144.369995,133.809692,2049700
2014-09-24,144.169998,145.119995,143.720001,144.880005,134.28241,2608200
2014-09-25,144.410004,144.460007,142.070007,142.479996,132.057938,2764200
2014-09-26,142.520004,142.889999,140.979996,142.419998,132.002319,3557700
2014-09-29,140.940002,142.339996,140.660004,142.190002,131.789154,2848300
2014-09-30,142.5,142.899994,141.279999,141.679993,131.316437,2675100
2014-10-01,141.160004,141.669998,138.720001,139.179993,128.999298,2925900
2014-10-02,138.570007,139.320007,137.949997,138.669998,128.526611,3221300
2014-10-03,139.330002,140.449997,138.570007,140.169998,129.916901,3514100
2014-10-06,140.550003,141.279999,139.589996,140.339996,130.074478,2464700
2014-10-07,138.820007,140.179993,137.660004,137.679993,127.609039,3144900
2014-10-08,138.25,141.479996,137.720001,141.410004,131.066238,4135500
2014-10-09,141.149994,141.5,138.330002,138.639999,128.49884,3768000
2014-10-10,139.330002,139.600006,133.820007,133.830002,124.040665,7366500
2014-10-13,134.259995,135.350006,131.009995,132.899994,123.178673,4583400
2014-10-14,133.649994,135.940002,133.210007,134.179993,124.365067,3644300
2014-10-15,132.559998,134.639999,130.600006,134.220001,124.402138,4794700
2014-10-16,133.419998,135.970001,132.75,135.050003,125.171455,3497200
2014-10-17,135.75,137.850006,135.75,137.399994,127.349533,3746400
2014-10-20,137.149994,137.75,136.759995,137.600006,127.534912,2782500
2014-10-21,138.399994,141.100006,138.339996,140.929993,130.621307,3078400
2014-10-22,140.899994,141.089996,138.699997,138.949997,128.786133,4294300
2014-10-23,141.919998,147.919998,141.919998,145.050003,134.439972,7424400
2014-10-24,145.0,148.789993,144.809998,148.589996,137.721008,4480900
2014-10-27,148.089996,149.710007,147.339996,149.559998,138.620041,2840000
2014-10-28,149.830002,151.130005,149.559998,151.059998,140.01033,2358800
2014-10-29,151.389999,151.729996,150.199997,151.009995,139.963989,2060600
2014-10-30,150.490005,152.399994,150.0,152.100006,140.974243,1836500
2014-10-31,153.830002,154.440002,153.089996,153.770004,142.522095,3016300
2014-11-03,153.139999,154.389999,152.979996,153.300003,142.086517,2367500
2014-11-04,153.919998,155.229996,153.240005,155.050003,143.708496,3128600
2014-11-05,155.679993,156.240005,154.139999,155.690002,144.301666,2770400
2014-11-06,155.690002,156.679993,155.210007,156.050003,144.635315,2067200
2014-11-07,156.149994,156.619995,155.479996,156.550003,145.09874,1882800
2014-11-10,156.25,157.710007,156.050003,157.660004,146.127548,1463500
2014-11-11,157.949997,158.0,156.649994,157.110001,145.617798,1806600
2014-11-12,156.649994,157.869995,156.5,157.679993,146.146072,1500700
2014-11-13,158.0,159.070007,157.479996,158.350006,146.76709,2375100
2014-11-14,158.529999,158.880005,157.710007,158.850006,147.230545,1786300
2014-11-17,158.089996,159.160004,158.089996,158.690002,147.082245,1674300
2014-11-18,158.880005,160.460007,158.850006,160.149994,148.435394,2311400
2014-11-19,159.330002,159.410004,157.970001,158.830002,148.002121,2314700
2014-11-20,158.190002,159.550003,157.839996,159.360001,148.495972,1749000
2014-11-21,160.309998,160.860001,159.589996,160.160004,149.24147,2472000
2014-11-24,160.160004,160.559998,159.410004,159.880005,148.980545,2358200
2014-11-25,159.0,159.679993,158.059998,158.059998,147.284607,3646300
2014-11-26,157.970001,158.449997,157.5,158.309998,147.517563,1823200
2014-11-28,159.580002,160.820007,158.800003,160.089996,149.176224,1565500
2014-12-01,158.350006,159.509995,157.860001,158.160004,147.377808,2502100
2014-12-02,158.779999,160.779999,158.539993,160.600006,149.651443,2504400
2014-12-03,161.100006,162.440002,160.169998,162.259995,151.198288,3038800
2014-12-04,162.0,162.919998,160.899994,162.259995,151.198288,2164200
2014-12-05,162.399994,162.899994,161.880005,162.270004,151.207596,1722600
2014-12-08,162.100006,162.800003,160.100006,160.929993,149.958939,1898300
2014-12-09,159.889999,161.100006,159.110001,160.830002,149.865784,2043100
2014-12-10,160.710007,160.809998,157.699997,158.240005,147.452332,3243700
2014-12-11,159.179993,160.220001,158.419998,159.149994,148.300262,2437300
2014-12-12,158.559998,158.990005,157.119995,157.119995,146.408691,2820600
2014-12-15,158.119995,158.440002,155.589996,156.850006,146.157089,2609300
2014-12-16,157.259995,161.440002,157.080002,159.050003,148.207123,3380800
2014-12-17,159.289993,160.889999,157.779999,160.600006,149.651443,3942600
2014-12-18,162.399994,165.300003,162.0,165.300003,154.031021,3359800
2014-12-19,164.779999,166.089996,164.360001,165.479996,154.198776,4891300
2014-12-22,166.220001,167.309998,166.139999,167.270004,155.866745,2081600
2014-12-23,168.020004,168.160004,166.869995,166.869995,155.493973,2190200
2014-12-24,166.169998,167.610001,166.169998,166.960007,155.577866,981600
2014-12-26,167.339996,167.809998,166.149994,166.259995,154.925598,1607400
2014-12-29,166.300003,167.119995,165.809998,166.710007,155.344955,1215700
2014-12-30,166.550003,166.740005,165.279999,165.839996,154.534241,1180700
2014-12-31,166.0,167.169998,164.199997,164.320007,153.117844,1623700
2015-01-02,164.710007,165.080002,162.729996,164.059998,152.875549,2116400
2015-01-05,163.0,163.639999,160.080002,160.360001,149.427811,3692900
2015-01-06,160.820007,161.369995,157.740005,158.649994,147.834381,3532000
2015-01-07,159.899994,160.279999,158.940002,159.800003,148.906021,3081300
2015-01-08,160.649994,163.690002,160.520004,163.630005,152.474884,3142900
2015-01-09,163.850006,164.0,161.270004,161.619995,150.601929,2378600
2015-01-12,162.389999,162.389999,160.020004,160.740005,149.781891,2149200
2015-01-13,162.229996,164.380005,159.449997,160.619995,149.67009,2703000
2015-01-14,159.039993,160.529999,158.5,159.839996,148.943253,1980800
2015-01-15,160.889999,161.440002,159.369995,159.660004,148.775513,1876800
2015-01-16,159.860001,162.179993,159.089996,162.0,150.956024,2349700
2015-01-20,162.720001,163.399994,160.059998,161.940002,150.900085,2091800
2015-01-21,161.660004,163.369995,161.020004,162.539993,151.459213,1597700
2015-01-22,163.259995,165.990005,162.130005,165.889999,154.580841,2225800
2015-01-23,165.75,165.979996,163.910004,164.020004,152.838333,2245600
2015-01-26,163.619995,164.279999,161.800003,164.240005,153.043335,3556300
2015-01-27,162.309998,165.139999,160.940002,163.630005,152.474884,4190700
2015-01-28,164.610001,166.570007,163.759995,163.940002,152.763748,3574600
2015-01-29,164.070007,166.160004,162.880005,166.130005,154.804459,2674600
2015-01-30,164.75,165.220001,162.300003,162.300003,151.235565,3561900
2015-02-02,162.119995,164.619995,160.889999,164.419998,153.211029,2379700
2015-02-03,165.169998,166.190002,164.710007,165.940002,154.627426,2604800
2015-02-04,165.779999,165.830002,164.240005,164.809998,153.574463,2363600
2015-02-05,165.309998,166.589996,164.75,166.550003,155.195831,2050500
2015-02-06,166.229996,167.679993,165.559998,166.070007,154.74855,1826900
2015-02-09,164.380005,165.539993,163.839996,164.839996,153.602386,2073000
2015-02-10,165.399994,166.139999,164.600006,165.820007,154.51561,1885100
2015-02-11,164.520004,164.970001,163.470001,164.479996,154.22023,1695100
2015-02-12,164.929993,165.949997,164.850006,165.910004,155.561035,1615700
2015-02-13,165.899994,166.619995,165.330002,165.940002,155.589188,1792000
2015-02-17,165.940002,166.919998,165.089996,166.919998,156.508026,2100900
2015-02-18,166.919998,167.509995,166.009995,167.399994,156.958099,1552000
2015-02-19,167.399994,167.550003,166.580002,167.089996,156.667435,1648800
2015-02-20,166.740005,168.270004,165.130005,168.119995,157.633179,2416600
2015-02-23,168.139999,168.869995,167.699997,168.809998,158.280167,1836000
2015-02-24,168.270004,169.25,168.070007,169.119995,158.570816,1770300
2015-02-25,168.970001,169.660004,168.619995,168.889999,158.355164,2019100
2015-02-26,168.850006,169.979996,168.639999,169.610001,159.030228,1789400
2015-02-27,169.660004,169.75,168.559998,168.649994,158.130112,1946000
2015-03-02,168.160004,170.5,168.119995,170.5,159.864746,2223100
2015-03-03,169.570007,169.600006,167.360001,168.270004,157.773849,2232400
2015-03-04,168.259995,168.259995,166.460007,167.160004,156.733078,1575700
2015-03-05,167.210007,167.699997,166.690002,167.570007,157.117493,1547200
2015-03-06,166.5,166.770004,164.009995,164.360001,154.107742,2114400
2015-03-09,164.720001,166.779999,164.509995,166.369995,155.99234,1608100
2015-03-10,164.809998,164.860001,162.25,162.259995,152.138733,2564600
2015-03-11,162.699997,163.220001,161.660004,161.729996,151.641785,1894300
2015-03-12,162.589996,164.520004,162.570007,164.470001,154.210846,1715000
2015-03-13,164.020004,164.389999,161.779999,162.740005,152.58876,2284700
2015-03-16,163.580002,166.270004,163.580002,166.210007,155.842331,2111200
2015-03-17,165.520004,165.529999,163.380005,164.229996,153.985855,2557900
2015-03-18,163.160004,166.949997,162.050003,166.470001,156.086121,3062400
2015-03-19,166.160004,166.210007,164.850006,165.660004,155.32666,1953500
2015-03-20,166.089996,167.130005,165.389999,166.490005,156.104874,4371800
2015-03-23,166.830002,166.910004,165.830002,166.130005,155.767319,2157300
2015-03-24,165.580002,167.649994,165.529999,166.320007,155.945465,2091000
2015-03-25,166.240005,166.520004,162.660004,162.699997,152.55127,2540900
2015-03-26,162.0,163.369995,161.210007,162.589996,152.448151,2050700
2015-03-27,162.360001,163.899994,162.020004,163.5,153.301376,1722600
2015-03-30,164.199997,166.770004,164.199997,166.050003,155.692307,1684000
2015-03-31,165.410004,166.0,164.619995,164.949997,154.660919,2081300
2015-04-01,164.289993,164.539993,161.899994,162.520004,152.382523,2148100
2015-04-02,163.380005,163.970001,162.119995,162.800003,152.645065,1852600
2015-04-06,161.660004,165.990005,161.399994,165.479996,155.157867,2560300
2015-04-07,165.399994,167.570007,165.279999,166.210007,155.842331,2479500
2015-04-08,166.210007,167.220001,165.210007,166.270004,155.89859,1754400
2015-04-09,166.25,167.179993,165.080002,166.789993,156.386139,1680100
2015-04-10,167.5,167.699997,166.220001,167.070007,156.648697,1501900
2015-04-13,166.759995,167.360001,165.600006,165.839996,155.495422,1860400
2015-04-14,165.320007,166.479996,164.169998,165.990005,155.636063,1914300
2015-04-15,166.720001,167.339996,165.860001,166.440002,156.057968,1995800
2015-04-16,165.729996,166.649994,165.100006,165.889999,155.542297,1662800
2015-04-17,164.529999,164.539993,161.130005,161.710007,151.623016,3063500
2015-04-20,163.0,165.389999,162.729996,164.509995,154.248352,2394200
2015-04-21,165.649994,165.699997,163.619995,164.0,153.770218,1970500
2015-04-22,163.809998,164.889999,162.570007,164.669998,154.398392,2228800
2015-04-23,159.539993,161.449997,158.610001,159.660004,149.700912,5704500
2015-04-24,159.809998,159.809998,157.850006,158.990005,149.072723,3043500
2015-04-27,159.479996,160.070007,157.809998,157.979996,148.125671,3448800
2015-04-28,157.690002,158.360001,156.179993,158.330002,148.453873,3387900
2015-04-29,157.419998,157.929993,156.179993,156.970001,147.17868,3078600
2015-04-30,156.820007,157.919998,156.009995,156.389999,146.634872,3510200
2015-05-01,156.789993,158.089996,156.789993,157.679993,147.844406,2160100
2015-05-04,158.399994,159.850006,157.880005,159.020004,149.10083,2240300
2015-05-05,158.860001,159.449997,157.410004,157.910004,148.060059,1947700
2015-05-06,157.919998,159.080002,156.550003,157.639999,147.8069,2203100
2015-05-07,157.229996,159.199997,157.229996,158.610001,148.716415,2112900
2015-05-08,160.25,161.399994,160.059998,160.600006,150.582275,2025500
2015-05-11,160.259995,161.0,159.800003,159.899994,149.925934,1708700
2015-05-12,158.710007,160.399994,158.009995,160.070007,150.085358,1864800
2015-05-13,160.429993,161.740005,160.360001,161.309998,151.247955,2587900
2015-05-14,162.089996,163.300003,161.800003,163.149994,152.973175,2462500
2015-05-15,163.149994,163.770004,162.649994,163.300003,153.113846,1923800
2015-05-18,163.0,163.589996,162.309998,162.869995,152.710648,1747800
2015-05-19,163.070007,163.589996,162.550003,163.119995,152.945084,2075100
2015-05-20,162.419998,163.070007,161.839996,161.899994,152.761078,1978100
2015-05-21,161.899994,162.350006,161.800003,162.059998,152.912048,2400800
2015-05-22,161.990005,162.330002,160.660004,160.979996,151.89299,1822700
2015-05-26,160.979996,161.320007,159.039993,159.589996,150.581467,2471100
2015-05-27,159.820007,161.309998,159.529999,161.020004,151.930771,2625900
2015-05-28,160.350006,160.889999,159.610001,160.869995,151.789215,1578100
2015-05-29,160.440002,160.789993,158.740005,159.080002,150.100266,2880500
2015-06-01,159.100006,159.759995,158.570007,158.979996,150.005905,1906100
2015-06-02,158.279999,159.880005,157.949997,159.080002,150.100266,2481100
2015-06-03,159.610001,160.5,158.979996,160.160004,151.119308,2074500
2015-06-04,159.509995,160.380005,158.089996,158.350006,149.411484,2237600
2015-06-05,157.5,157.970001,156.970001,157.080002,148.213165,2314800
2015-06-08,156.5,157.410004,156.300003,156.589996,147.750824,1608600
2015-06-09,156.850006,158.259995,156.600006,156.979996,148.118805,1810800
2015-06-10,156.949997,159.570007,156.949997,159.039993,150.062515,1758900
2015-06-11,159.119995,160.360001,159.0,159.860001,150.836243,1854200
2015-06-12,159.850006,159.990005,157.880005,158.039993,149.118958,1910500
2015-06-15,157.080002,157.320007,155.389999,155.869995,147.071442,2353100
2015-06-16,155.490005,157.039993,155.369995,156.490005,147.656464,1729300
2015-06-17,156.600006,157.589996,155.75,156.949997,148.0905,1839400
2015-06-18,157.589996,160.240005,157.389999,159.619995,150.609756,2528900
2015-06-19,159.360001,159.880005,158.940002,158.949997,149.977585,3287200
2015-06-22,159.850006,160.699997,159.449997,159.679993,150.666397,1447400
2015-06-23,160.410004,160.869995,159.509995,159.839996,150.817352,2286400
2015-06-24,159.679993,159.960007,157.539993,157.539993,148.647202,2862900
2015-06-25,157.850006,158.320007,155.919998,155.919998,147.118652,2564000
2015-06-26,156.160004,157.990005,155.929993,157.089996,148.22261,2625500
2015-06-29,155.919998,156.440002,153.919998,153.949997,145.259827,2475000
2015-06-30,155.0,155.300003,154.070007,154.300003,145.590088,2561000
2015-07-01,156.130005,156.429993,154.660004,155.649994,146.863892,1726800
2015-07-02,156.080002,156.080002,154.899994,155.380005,146.609131,2022400
2015-07-06,153.889999,155.580002,153.830002,155.080002,146.326065,2172200
2015-07-07,155.139999,155.630005,153.160004,155.429993,146.656311,2865300
2015-07-08,154.080002,154.5,152.699997,152.710007,144.089859,2613300
2015-07-09,154.589996,155.5,153.75,153.75,145.071136,2069200
2015-07-10,154.740005,155.860001,154.5,154.949997,146.2034,2061300
2015-07-13,156.419998,156.770004,155.649994,156.470001,147.637573,2107200
2015-07-14,156.490005,157.080002,156.279999,156.779999,147.930099,1811400
2015-07-15,156.570007,157.0,155.899994,156.0,147.194107,1786100
2015-07-16,157.580002,157.940002,156.690002,157.169998,148.298065,2023900
2015-07-17,156.5,157.369995,156.429993,156.690002,147.845184,2429000
2015-07-20,156.770004,157.649994,156.270004,157.119995,148.250916,2349000
2015-07-21,156.75,157.179993,155.339996,155.759995,146.967667,2743900
2015-07-22,155.589996,156.309998,154.440002,155.410004,146.637436,3067700
2015-07-23,151.919998,153.690002,149.020004,149.5,141.061035,5176400
2015-07-24,148.860001,150.800003,148.699997,149.330002,140.900635,3433600
2015-07-27,148.639999,149.0,147.699997,148.710007,140.315628,3117600
2015-07-28,148.850006,151.720001,148.320007,151.110001,142.580154,3277700
2015-07-29,151.440002,151.690002,150.710007,151.449997,142.90097,2176900
2015-07-30,151.0,151.729996,150.330002,151.570007,143.014175,2119100
2015-07-31,152.529999,152.809998,151.029999,151.339996,142.79718,1619600
2015-08-03,150.789993,151.779999,148.940002,150.119995,141.646042,2355100
2015-08-04,150.929993,151.539993,150.110001,150.399994,141.910233,1811900
2015-08-05,151.850006,153.240005,150.919998,151.009995,142.485779,1765600
2015-08-06,150.889999,151.220001,148.899994,149.259995,140.834579,1764800
2015-08-07,148.479996,150.0,148.160004,148.889999,140.485474,1668700
2015-08-10,150.0,151.399994,149.889999,151.240005,142.70282,1571800
2015-08-11,150.0,150.0,148.259995,148.479996,140.098602,1810800
2015-08-12,147.240005,148.710007,146.070007,148.520004,140.136368,2036700
2015-08-13,148.0,148.559998,147.080002,147.399994,139.079575,1793100
2015-08-14,147.660004,148.509995,147.320007,148.279999,139.909912,1401900
2015-08-17,147.429993,149.309998,146.360001,149.240005,140.81572,1648900
2015-08-18,148.630005,148.919998,147.880005,148.309998,139.938187,1705500
2015-08-19,146.199997,147.550003,145.279999,145.869995,138.593781,2467600
2015-08-20,144.509995,144.869995,143.339996,143.350006,136.199509,3281700
2015-08-21,143.520004,145.320007,141.919998,142.089996,135.002335,5442000
2015-08-24,137.119995,142.089996,134.0,138.580002,131.667404,7359500
2015-08-25,141.860001,142.059998,137.389999,137.639999,130.774338,5435900
2015-08-26,140.0,142.789993,138.529999,142.720001,135.600906,4562200
2015-08-27,143.75,144.949997,141.330002,143.899994,136.722061,4104600
2015-08-28,143.020004,144.320007,142.800003,144.210007,137.016602,2664100
2015-08-31,143.0,143.830002,142.020004,142.139999,135.04985,2514900
2015-09-01,139.479996,140.490005,137.940002,138.5,131.591431,3671400
2015-09-02,140.539993,141.240005,139.240005,141.240005,134.194733,3312700
2015-09-03,141.940002,142.899994,141.309998,141.740005,134.669815,2606200
2015-09-04,139.940002,140.669998,139.160004,139.839996,132.864578,3195800
2015-09-08,142.050003,143.550003,141.520004,143.429993,136.275497,2432900
2015-09-09,144.860001,145.350006,140.570007,140.860001,133.83371,2642800
2015-09-10,141.0,141.910004,140.149994,140.779999,133.757675,2031200
2015-09-11,140.610001,141.330002,139.770004,141.259995,134.21373,2505200
2015-09-14,141.520004,141.580002,140.029999,140.809998,133.786179,2277200
2015-09-15,141.559998,143.839996,141.039993,143.600006,136.437042,2690800
2015-09-16,143.509995,144.460007,143.210007,144.199997,137.00708,2060300
2015-09-17,143.809998,145.550003,142.520004,142.949997,135.819458,2855100
2015-09-18,141.169998,141.300003,139.210007,139.619995,132.655563,6526000
2015-09-21,140.5,141.080002,139.350006,140.039993,133.054611,2492600
2015-09-22,138.270004,138.509995,137.25,138.020004,131.135391,2775300
2015-09-23,138.529999,138.899994,136.860001,137.660004,130.79332,2684500
2015-09-24,136.630005,138.029999,135.389999,137.580002,130.717316,2690300
2015-09-25,139.619995,140.119995,138.570007,139.559998,132.598541,3767200
2015-09-28,138.300003,139.699997,138.300003,138.380005,131.477432,3468900
2015-09-29,138.619995,142.160004,138.429993,141.550003,134.489258,4946000
2015-09-30,142.520004,143.229996,140.5,141.770004,134.698303,3619300
2015-10-01,142.210007,142.5,139.580002,140.800003,133.776688,2486300
2015-10-02,139.080002,143.300003,138.570007,143.199997,136.056976,3064400
2015-10-05,144.300003,146.600006,143.630005,146.320007,139.021347,2987200
2015-10-06,145.990005,146.639999,145.399994,145.789993,138.517776,2256800
2015-10-07,146.740005,148.539993,146.130005,147.539993,140.180481,1954000
2015-10-08,146.649994,149.559998,146.589996,149.479996,142.023712,2008800
2015-10-09,149.559998,150.649994,149.300003,149.899994,142.422775,2294000
2015-10-12,150.259995,150.559998,149.539993,150.059998,142.574783,1429300
2015-10-13,148.910004,150.0,148.729996,149.110001,141.672195,2027600
2015-10-14,149.0,149.660004,148.179993,148.320007,140.9216,2260300
2015-10-15,149.639999,149.880005,148.020004,149.190002,141.748184,2588500
2015-10-16,149.770004,149.779999,147.479996,148.699997,141.282623,2490300
2015-10-19,147.970001,148.419998,147.229996,148.0,140.617538,2004200
2015-10-20,147.449997,149.669998,147.130005,149.110001,141.672195,2404700
2015-10-21,149.5,151.389999,148.899994,149.820007,142.346786,3009900
2015-10-22,151.339996,157.039993,150.649994,156.0,148.218491,5111900
2015-10-23,156.539993,157.190002,154.5,155.789993,148.018967,2997400
2015-10-26,156.059998,156.759995,155.639999,156.539993,148.731552,2136100
2015-10-27,156.0,157.0,155.080002,156.729996,148.912094,1970100
2015-10-28,156.490005,158.330002,156.199997,158.080002,150.194748,2724700
2015-10-29,157.75,157.910004,156.880005,157.610001,149.748184,1484600
2015-10-30,157.800003,158.679993,157.210007,157.210007,149.368164,2672100
2015-11-02,157.509995,160.089996,157.339996,159.919998,151.942963,2701800
2015-11-03,159.479996,159.800003,158.669998,158.75,150.831314,2972800
2015-11-04,159.0,159.479996,158.610001,158.910004,150.983337,2254000
2015-11-05,159.380005,159.580002,158.270004,158.990005,151.059341,2023900
2015-11-06,158.020004,159.259995,157.729996,159.259995,151.315887,1860000
2015-11-09,158.669998,158.669998,156.75,157.470001,149.615173,2421000
2015-11-10,157.229996,157.639999,156.429993,157.589996,149.729187,1962900
2015-11-11,157.860001,159.490005,157.539993,159.050003,151.116348,2518900
2015-11-12,157.779999,158.289993,156.160004,156.300003,148.50354,2305600
2015-11-13,156.0,156.919998,155.600006,155.649994,147.885956,2434500
2015-11-16,155.610001,158.259995,155.610001,158.210007,150.318253,2395000
2015-11-17,158.360001,158.529999,156.520004,157.029999,149.197128,2393000
2015-11-18,156.179993,157.5,156.080002,157.389999,150.521652,2226900
2015-11-19,157.630005,158.509995,156.710007,158.380005,151.468475,1518200
2015-11-20,158.679993,159.839996,158.339996,158.949997,152.013611,1891100
2015-11-23,158.899994,159.770004,158.160004,158.649994,151.726685,1430400
2015-11-24,157.369995,158.339996,156.889999,157.75,150.865967,2100600
2015-11-25,158.059998,158.470001,157.630005,157.630005,150.751221,1184100
2015-11-27,157.509995,158.490005,156.940002,157.990005,151.09549,876100
2015-11-30,158.100006,158.470001,156.570007,156.580002,149.747025,2934200
2015-12-01,156.410004,157.669998,156.169998,156.899994,150.05304,2259000
2015-12-02,156.880005,157.25,155.509995,155.699997,148.905411,2034700
2015-12-03,156.559998,156.899994,153.710007,154.380005,147.643036,2609500
2015-12-04,154.789993,158.389999,154.570007,158.220001,151.315445,2175800
2015-12-07,157.529999,158.0,156.809998,157.75,150.865967,2142800
2015-12-08,156.440002,157.860001,155.679993,156.789993,149.947861,2350400
2015-12-09,156.169998,158.240005,154.940002,156.050003,149.240143,2660800
2015-12-10,155.729996,158.690002,155.589996,157.520004,150.646011,2548200
2015-12-11,155.550003,156.399994,154.419998,154.830002,148.073395,2523200
2015-12-14,155.289993,157.770004,154.339996,157.630005,150.751221,3462200
2015-12-15,151.990005,153.020004,147.080002,148.130005,141.665787,8645900
2015-12-16,148.149994,150.539993,147.740005,149.949997,143.406342,4774100
2015-12-17,150.149994,150.860001,148.830002,148.850006,142.35437,3053900
2015-12-18,148.210007,148.600006,146.759995,146.919998,140.508575,5736400
2015-12-21,147.580002,148.330002,146.690002,147.479996,141.044144,2284400
2015-12-22,148.119995,149.490005,147.279999,148.970001,142.469101,2528700
2015-12-23,149.690002,151.580002,149.520004,151.160004,144.563538,2215300
2015-12-24,150.820007,151.800003,150.580002,151.190002,144.592239,848400
2015-12-28,151.130005,151.770004,150.270004,151.220001,144.620926,1275200
2015-12-29,152.199997,153.259995,152.0,152.889999,146.218033,1824700
2015-12-30,152.789993,153.699997,151.729996,151.910004,145.280838,1553100
2015-12-31,151.729996,152.119995,150.630005,150.639999,144.066238,1602000
