2014-01-02,70.698692,70.753273,69.901749,70.240173,59.554779,530300
2014-01-03,70.698692,71.026199,70.578606,70.644104,59.897251,390800
2014-01-06,70.5131,70.698692,70.174675,70.229256,59.545517,355000
2014-01-07,70.240173,70.316597,69.770744,70.087334,59.42519,359800
2014-01-08,69.334061,69.585152,69.159386,69.432312,58.869804,730700
2014-01-09,69.727074,69.858078,69.323143,69.63974,59.045681,322300
2014-01-10,69.912666,70.458519,69.868996,70.283844,59.591801,345600
2014-01-13,69.301308,69.585152,68.984718,69.148468,58.629147,476200
2014-01-14,70.262009,70.262009,69.661575,69.934494,59.295597,435800
2014-01-15,69.727074,69.978165,69.694321,69.80349,59.184517,210700
2014-01-16,70.043671,70.109169,69.475983,69.934494,59.295597,212800
2014-01-17,70.644104,70.840614,70.316597,70.338425,59.638088,319500
2014-01-21,71.320961,71.441048,70.982536,71.179039,60.350815,380500
2014-01-22,71.921394,72.489082,71.79039,72.237991,61.248669,687600
2014-01-23,72.30349,72.358078,71.757645,71.932312,60.989498,698300
2014-01-24,71.593887,71.593887,70.851532,70.851532,60.073132,733800
2014-01-27,71.244545,71.451965,70.633186,70.720528,59.962059,594800
2014-01-28,71.037117,71.168121,70.655022,70.807861,60.036102,426500
2014-01-29,70.076416,70.436684,69.901749,70.20742,59.527008,417400
2014-01-30,70.283844,70.655022,70.240173,70.403931,59.693619,328500
2014-01-31,70.240173,70.895195,70.229256,70.720528,59.962059,398400
2014-02-03,70.644104,70.796944,69.868996,69.967247,59.323368,400900
2014-02-04,70.098251,70.19651,69.508736,69.825325,59.203041,314500
2014-02-05,69.181221,69.628822,69.039299,69.4869,58.916103,332900
2014-02-06,69.978165,70.458519,69.967247,70.251091,59.564041,324500
2014-02-07,70.775108,71.102623,70.622269,71.026199,60.221226,384800
2014-02-10,71.146286,71.703056,71.102623,71.506554,60.628502,300600
2014-02-11,72.29258,73.144104,72.194321,72.958519,61.859589,482600
2014-02-12,72.70742,73.220528,72.685593,72.991264,61.887356,393200
2014-02-13,73.155022,73.77729,73.111351,73.602623,62.405708,356500
2014-02-14,73.853714,74.181221,73.788208,74.137558,62.859268,248200
2014-02-18,74.879913,75.36026,74.694321,74.912666,63.516449,475800
2014-02-19,75.371178,75.829697,75.065506,75.141922,63.710842,791100
2014-02-20,75.534935,76.113541,75.393013,75.960701,64.40506,425200
2014-02-21,75.906113,76.146286,75.251091,75.262009,63.812653,494700
2014-02-24,75.611351,76.266373,75.480347,75.927948,64.377296,477000
2014-02-25,76.408295,76.495636,75.611351,75.731438,64.21067,603700
2014-02-26,75.469429,75.600433,75.021835,75.15284,63.720093,405600
2014-02-27,75.840614,76.048035,75.70961,75.982536,64.423576,426300
2014-02-28,76.342796,76.473801,75.87336,76.200874,64.608696,328100
2014-03-03,75.578606,75.687775,75.054588,75.229256,63.784889,557800
2014-03-04,76.168121,76.255455,75.884277,76.091705,64.516136,713700
2014-03-05,76.048035,76.266373,75.851532,75.949783,64.395805,505900
2014-03-06,75.884277,76.004364,75.600433,75.720528,64.201431,240500
2014-03-07,75.644104,75.720528,74.80349,75.251091,63.803406,323700
2014-03-10,74.596069,74.967247,74.475983,74.967247,63.562744,367500
2014-03-11,74.956329,75.840614,74.628822,75.655022,64.145874,576400
2014-03-12,75.316597,75.720528,75.15284,75.425766,63.9515,544500
2014-03-13,75.087334,75.174675,74.519653,74.585152,63.238766,560600
2014-03-14,74.617905,75.054588,74.617905,74.912666,63.516449,477200
2014-03-17,74.628822,75.229256,74.596069,74.923584,63.525723,463600
2014-03-18,74.84716,75.240173,74.80349,74.836243,63.451664,510100
2014-03-19,74.716156,75.425766,74.355896,74.541481,63.201733,883200
2014-03-20,73.788208,73.941048,73.482536,73.602623,62.405708,406600
2014-03-21,73.711792,74.192139,73.56987,73.657204,62.451988,384000
2014-03-24,73.853714,73.984718,73.165939,73.493446,62.313137,338600
2014-03-25,73.755455,74.170303,73.558952,74.006554,62.748196,334500
2014-03-26,74.137558,74.224892,73.613541,73.635368,62.433479,307800
2014-03-27,73.755455,74.475983,73.558952,74.44323,63.118435,293800
2014-03-28,74.901749,75.403931,74.858078,75.294762,63.840435,304600
2014-03-31,74.814407,75.240173,74.596069,75.043671,63.627529,433100
2014-04-01,75.054588,75.491264,75.021835,75.36026,63.895969,386700
2014-04-02,75.240173,75.283844,74.759827,74.912666,63.516449,306400
2014-04-03,74.497818,74.508736,73.951965,74.235809,62.942574,371800
2014-04-04,74.137558,74.519653,73.951965,74.12664,62.85001,536900
2014-04-07,74.148468,74.465065,73.820961,73.842796,62.609352,316600
2014-04-08,74.421394,75.032753,74.323143,74.858078,63.470181,379000
2014-04-09,74.770744,75.120087,74.410477,75.076416,63.655293,255100
2014-04-10,74.879913,75.327515,74.694321,74.705238,63.34058,440100
2014-04-11,74.159386,74.344978,74.017464,74.061134,62.794464,446800
2014-04-14,74.421394,74.759827,74.235809,74.552399,63.210999,268000
2014-04-15,75.644104,75.807861,75.098251,75.731438,64.21067,409400
2014-04-16,76.091705,76.299126,75.895195,76.288208,64.682747,321100
2014-04-17,75.818779,76.015282,75.742355,75.91703,64.368034,257000
2014-04-21,75.807861,76.233627,75.753273,76.004364,64.442078,203000
2014-04-22,76.462883,76.735809,76.397377,76.495636,64.858612,280200
2014-04-23,75.687775,75.87336,75.5131,75.578606,64.081093,379500
2014-04-24,75.305679,75.349342,74.748909,75.19651,63.75713,365400
2014-04-25,75.676857,76.004364,75.545853,75.949783,64.395805,209200
2014-04-28,76.113541,76.419212,76.026199,76.419212,64.793831,296200
2014-04-29,77.150658,77.379913,76.888649,77.074234,65.349197,312400
2014-04-30,77.69651,77.762009,77.379913,77.576416,65.774994,385000
2014-05-01,77.456329,77.718338,77.259827,77.554588,65.756477,310100
2014-05-02,77.227074,77.412666,76.877731,77.205238,65.460274,421100
2014-05-05,76.975983,77.609169,76.877731,77.5,65.710182,207000
2014-05-06,77.86026,78.089523,77.762009,77.816597,65.978622,254000
2014-05-07,78.340614,78.515282,77.936684,78.471619,66.533997,1014900
2014-05-08,78.504364,78.580788,78.089523,78.144104,66.25631,590800
2014-05-09,78.41703,78.788208,78.176857,78.515282,66.571022,802300
2014-05-12,78.72271,78.820961,78.111351,78.231438,66.330353,732500
2014-05-13,78.100433,78.318779,77.980347,78.144104,66.25631,415800
2014-05-14,78.318779,78.941048,78.198692,78.482536,66.543251,578400
2014-05-15,78.962883,79.137558,78.286026,78.951965,66.941269,797700
2014-05-16,79.737991,80.458519,79.596069,80.316597,68.098305,675700
2014-05-19,81.233627,81.724892,80.993446,81.462883,69.070213,823500
2014-05-20,80.960701,81.364632,80.840614,81.157204,68.811035,426300
2014-05-21,80.665939,81.244545,80.611351,81.102623,68.764763,309200
2014-05-22,80.753273,81.211792,80.676857,80.982536,68.662949,321600
2014-05-23,80.338425,80.993446,80.338425,80.982536,68.662949,335200
2014-05-27,81.593887,81.670303,81.419212,81.561134,69.153519,326000
2014-05-28,80.829697,81.637558,80.829697,81.266373,68.903603,277700
2014-05-29,80.927948,81.113541,80.687775,81.113541,68.774017,356000
2014-05-30,81.386459,81.648468,81.058952,81.58297,69.172035,284500
2014-06-02,81.713974,81.975983,81.58297,81.713974,69.283104,610400
2014-06-03,80.36026,80.393013,79.858078,80.021835,67.848373,813400
2014-06-04,78.755455,78.77729,78.176857,78.460701,66.524734,750200
2014-06-05,78.602623,79.028381,78.558952,78.962883,66.950523,505700
2014-06-06,80.021835,80.349342,79.890831,79.912666,67.755829,646600
2014-06-09,79.748909,79.748909,79.028381,79.039299,67.015327,370200
2014-06-10,78.657204,78.700874,78.449783,78.635368,66.672836,298500
2014-06-11,78.537117,78.886459,78.384277,78.406113,66.47847,469700
2014-06-12,79.388649,79.890831,79.115723,79.541481,67.441116,473400
2014-06-13,79.868996,80.043671,79.552399,79.683403,67.56144,295800
2014-06-16,80.15284,80.371178,80.131004,80.174675,67.977974,322900
2014-06-17,80.131004,80.240173,79.879913,79.901749,67.746567,392200
2014-06-18,80.458519,80.775108,80.218338,80.403931,68.172363,826600
2014-06-19,81.080788,81.288208,80.982536,81.189957,68.838799,290400
2014-06-20,81.004364,81.102623,80.720528,80.786026,68.496323,355300
2014-06-23,81.211792,81.211792,80.687775,81.168121,68.820297,270100
2014-06-24,80.436684,80.731438,80.294762,80.305679,68.08905,387300
2014-06-25,80.240173,80.655022,80.163757,80.611351,68.348228,336800
2014-06-26,80.676857,80.982536,80.436684,80.895195,68.588898,364800
2014-06-27,80.305679,80.524017,80.229256,80.403931,68.172363,405000
2014-06-30,80.687775,81.233627,80.633186,81.200874,68.848061,359500
2014-07-01,82.041481,82.510918,81.9869,82.106987,69.616341,471300
2014-07-02,83.111351,83.111351,82.259827,82.379913,69.847733,545500
2014-07-03,82.936684,82.958519,82.041481,82.259827,69.745911,410200
2014-07-07,81.823143,82.161575,81.386459,81.62664,69.209061,379200
2014-07-08,81.975983,82.074234,81.615723,81.779472,69.338646,280100
2014-07-09,81.801308,81.801308,81.310043,81.62664,69.209061,362800
2014-07-10,81.22271,82.183403,81.22271,82.128822,69.634842,491300
2014-07-11,81.844978,81.921394,81.724892,81.801308,69.357147,278700
2014-07-14,82.29258,82.358078,81.681221,81.79039,69.347893,335800
2014-07-15,82.86026,83.024017,82.259827,82.620087,70.051369,380600
2014-07-16,82.980347,83.0131,82.445412,82.641922,70.069885,332800
2014-07-17,81.975983,82.663757,81.899567,82.183403,69.681129,319900
2014-07-18,82.925766,83.231438,82.762009,83.231438,70.569733,370100
2014-07-21,83.133186,83.515282,83.002182,83.406113,70.717834,211900
2014-07-22,83.351532,83.460701,83.231438,83.37336,70.690048,234100
2014-07-23,83.362442,83.657204,83.296944,83.56987,70.856667,256300
2014-07-24,83.089523,83.580788,83.045853,83.580788,70.865929,382000
2014-07-25,83.307861,83.580788,82.969429,83.198692,70.541962,302000
2014-07-28,83.580788,84.29039,83.264191,84.203056,71.393539,560300
2014-07-29,81.713974,81.724892,81.091705,81.124451,70.907845,594700
2014-07-30,80.371178,80.414848,79.213974,79.475983,69.466972,520100
2014-07-31,79.181221,79.257645,78.340614,78.37336,68.50322,489300
2014-08-01,77.237991,77.609169,76.823143,76.954147,67.262741,684600
2014-08-04,78.0131,78.078606,77.259827,77.914848,68.10244,677600
2014-08-05,78.20961,78.37336,77.718338,77.914848,68.10244,496600
2014-08-06,78.089523,78.264191,77.532753,77.685593,67.902054,514700
2014-08-07,77.5,78.144104,77.489082,77.751091,67.959312,259200
2014-08-08,77.183403,78.002182,77.183403,77.991264,68.169235,395800
2014-08-11,77.991264,78.351532,77.925766,78.20961,68.360085,285300
2014-08-12,77.947601,78.286026,77.805679,78.089523,68.255119,285700
2014-08-13,78.384277,78.635368,78.198692,78.438866,68.560463,369000
2014-08-14,79.039299,79.596069,78.973801,79.596069,69.571938,525600
2014-08-15,80.15284,80.294762,79.574234,80.076416,69.991783,362800
2014-08-18,79.825325,80.163757,79.63974,80.032753,69.953629,228300
2014-08-19,79.683403,80.174675,79.628822,80.065506,69.982254,298200
2014-08-20,80.349342,80.993446,80.174675,80.993446,70.793327,429100
2014-08-21,80.174675,80.611351,80.174675,80.316597,70.201721,374600
2014-08-22,80.524017,80.742355,79.967247,80.229256,70.125381,212300
2014-08-25,80.55677,80.927948,80.480347,80.731438,70.564323,177700
2014-08-26,80.393013,80.753273,80.272926,80.305679,70.192177,289800
2014-08-27,80.185593,80.665939,80.15284,80.611351,70.459358,330200
2014-08-28,81.080788,81.506554,81.004364,81.484718,71.222733,267100
2014-08-29,81.353714,81.615723,81.058952,81.593887,71.318153,399100
2014-09-02,80.971619,81.375549,80.829697,81.233627,71.003265,298200
2014-09-03,81.932312,82.008736,81.58297,81.713974,71.423119,368900
2014-09-04,81.517464,81.670303,81.157204,81.375549,71.127312,246700
2014-09-05,81.179039,81.932312,81.179039,81.932312,71.61396,260400
2014-09-08,80.316597,80.807861,80.316597,80.469429,70.335304,496500
2014-09-09,80.240173,80.251091,79.585152,79.737991,69.695992,396000
2014-09-10,79.541481,80.0,79.268562,80.0,69.924988,283200
2014-09-11,80.043671,80.15284,79.716156,80.032753,69.953629,226000
2014-09-12,80.043671,80.043671,79.224892,79.421394,69.419266,404500
2014-09-15,79.366814,79.541481,79.08297,79.334061,69.342926,287800
2014-09-16,78.41703,79.061134,78.307861,78.875549,68.942162,948500
2014-09-17,78.908295,79.104805,78.635368,78.941048,68.999397,663400
2014-09-18,79.115723,79.454147,79.006554,79.432312,69.42881,359400
2014-09-19,79.716156,79.770744,78.984718,79.08297,69.123459,390000
2014-09-22,79.377731,79.683403,79.312225,79.475983,69.466972,383200
2014-09-23,78.427948,78.897377,78.329697,78.689957,68.779938,340900
2014-09-24,78.766373,78.908295,78.286026,78.679039,68.770393,192300
2014-09-25,78.689957,78.689957,77.871178,78.05677,68.226494,328200
2014-09-26,78.307861,78.318779,77.783844,78.231438,68.379158,442200
2014-09-29,78.231438,78.941048,78.187775,78.853714,68.923065,415400
2014-09-30,78.646286,78.842796,78.220528,78.471619,68.589096,396900
2014-10-01,78.329697,78.668121,77.947601,77.969429,68.150154,452700
2014-10-02,77.598251,77.641922,76.517464,76.921394,67.2341,531200
2014-10-03,77.314407,77.620087,77.106987,77.532753,67.768471,601400
2014-10-06,77.117905,77.631004,76.801308,77.5,67.739845,401000
2014-10-07,77.183403,77.70742,76.735809,76.79039,67.119598,438500
2014-10-08,77.227074,78.187775,76.9869,78.111351,68.274208,337200
2014-10-09,77.718338,77.947601,76.473801,76.561134,66.91922,469700
2014-10-10,76.834061,76.899567,76.288208,76.43013,66.804703,531900
2014-10-13,76.692139,77.183403,76.037117,76.157204,66.566154,516500
2014-10-14,76.102623,76.735809,75.982536,76.27729,66.671112,394500
2014-10-15,76.135368,76.299126,74.606987,76.091705,66.508896,2641000
2014-10-16,75.109169,76.266373,74.901749,75.938866,66.375313,484100
2014-10-17,76.506554,77.106987,76.288208,76.899567,67.215027,549400
2014-10-20,76.877731,77.489082,76.855896,77.467247,67.711212,373300
2014-10-21,77.172485,77.794762,77.117905,77.70742,67.921143,399700
2014-10-22,77.740173,78.253273,77.576416,77.663757,67.882973,469700
2014-10-23,78.100433,78.755455,77.893013,78.482536,68.59864,387400
2014-10-24,78.41703,78.984718,78.351532,78.919212,68.980316,354200
2014-10-27,78.810043,79.235809,78.657204,79.181221,69.209335,392700
2014-10-28,79.541481,79.989082,79.377731,79.989082,69.915459,272400
2014-10-29,79.694321,80.109169,78.908295,79.257645,69.276131,356200
2014-10-30,79.410477,80.786026,77.510918,80.305679,70.192177,366500
2014-10-31,80.982536,81.266373,80.644104,81.211792,70.984184,393700
2014-11-03,80.076416,80.447601,79.879913,80.436684,70.306686,431800
2014-11-04,80.262009,80.524017,79.836243,80.20742,70.106293,295000
2014-11-05,80.622269,81.266373,80.534935,81.266373,71.031891,328500
2014-11-06,80.109169,80.305679,79.355896,79.4869,69.476517,426800
2014-11-07,79.475983,80.174675,79.323143,80.174675,70.077675,400600
2014-11-10,80.5131,81.037117,80.327515,80.742355,70.573868,334500
2014-11-11,81.593887,81.965065,81.342796,81.910477,71.594879,371900
2014-11-12,81.157204,81.288208,80.927948,81.102623,70.888763,410300
2014-11-13,80.87336,81.299126,80.698692,80.87336,70.68837,270400
2014-11-14,80.19651,80.655022,80.185593,80.393013,70.268509,311700
2014-11-17,79.978165,80.731438,79.868996,80.676857,70.516617,502000
2014-11-18,81.484718,81.954147,81.397377,81.703056,71.413574,330400
2014-11-19,81.113541,81.441048,80.534935,81.146286,72.055321,311500
2014-11-20,80.611351,80.698692,80.19651,80.262009,71.270111,363900
2014-11-21,80.141922,80.272926,79.661575,80.141922,71.163475,365300
2014-11-24,80.611351,81.037117,80.578606,80.720528,71.677254,372000
2014-11-25,81.058952,81.364632,80.87336,81.015282,71.938995,310500
2014-11-26,80.927948,81.244545,80.840614,81.233627,72.132874,272100
2014-11-28,79.814407,80.032753,79.235809,79.257645,70.378265,1115600
2014-12-01,80.043671,80.283844,79.836243,79.945412,70.988976,843600
2014-12-02,79.497818,80.087334,79.465065,80.021835,71.056839,1122300
2014-12-03,79.748909,79.890831,79.4869,79.661575,70.736938,410200
2014-12-04,79.465065,79.781662,79.192139,79.63974,70.71756,654300
2014-12-05,79.410477,79.475983,78.973801,79.181221,70.310402,248200
2014-12-08,78.864632,79.377731,78.810043,79.093887,70.232857,304500
2014-12-09,78.296944,78.471619,77.893013,78.144104,69.389473,507000
2014-12-10,78.187775,78.406113,77.478165,77.478165,68.798141,368000
2014-12-11,77.368996,77.434494,76.921394,77.074234,68.439461,280700
2014-12-12,76.561134,76.659386,75.218338,75.240173,66.810875,314400
2014-12-15,74.825325,75.065506,73.155022,73.668121,65.414948,505500
2014-12-16,74.028381,75.5131,73.984718,74.563316,66.209846,704500
2014-12-17,75.949783,76.310043,75.403931,75.927948,67.421593,463500
2014-12-18,76.648468,78.133186,76.506554,78.133186,69.379784,527300
2014-12-19,77.358078,78.264191,77.161575,77.947601,69.214989,409100
2014-12-22,78.144104,78.395195,77.893013,78.362442,69.583359,339700
2014-12-23,77.598251,77.827515,77.390831,77.609169,68.914467,560300
2014-12-24,78.024017,78.908295,78.024017,78.820961,69.990501,151700
2014-12-26,79.137558,79.574234,79.017464,79.050217,70.194077,226600
2014-12-29,78.155022,78.56987,78.133186,78.438866,69.651215,578600
2014-12-30,78.05677,78.133186,77.445412,77.456329,68.778755,356500
2014-12-31,77.871178,78.045853,77.096069,77.13974,68.497627,229300
2015-01-02,76.528381,76.746727,76.06987,76.353714,67.799667,339100
2015-01-05,76.484718,76.62664,75.5131,75.70961,67.227722,445500
2015-01-06,75.141922,75.644104,74.093887,74.246727,65.928726,549500
2015-01-07,76.266373,76.386459,75.229256,76.364632,67.809364,587300
2015-01-08,76.27729,77.183403,76.27729,76.823143,68.216499,414300
2015-01-09,76.637558,76.855896,76.037117,76.386459,67.828743,413900
2015-01-12,76.473801,76.593887,75.731438,76.451965,67.886909,350900
2015-01-13,76.681221,77.423584,76.331879,76.62664,68.042015,296600
2015-01-14,74.475983,75.731438,74.410477,75.644104,67.169548,460900
2015-01-15,75.622269,75.949783,75.272926,75.720528,67.237419,669000
2015-01-16,75.906113,76.484718,75.589523,76.43013,67.867523,327900
2015-01-20,76.79039,77.128822,76.637558,77.041481,68.410378,376900
2015-01-21,76.844978,77.390831,76.58297,77.281662,68.62365,275200
2015-01-22,76.954147,77.805679,76.757645,77.041481,68.410378,449100
2015-01-23,76.703056,77.161575,76.670303,76.965065,68.342522,352200
2015-01-26,76.768562,77.467247,76.484718,77.30349,68.643036,432600
2015-01-27,77.532753,78.493446,77.358078,78.264191,69.496109,325600
2015-01-28,78.438866,79.050217,78.089523,78.122269,69.370094,333500
2015-01-29,78.548035,78.548035,77.663757,78.537117,69.738457,361100
2015-01-30,77.849342,77.914848,76.779472,76.79039,68.187416,425100
2015-02-02,76.779472,77.052399,76.43013,76.899567,68.284363,340300
2015-02-03,77.041481,77.65284,76.94323,77.456329,68.778755,362700
2015-02-04,76.844978,77.096069,76.451965,76.561134,67.983841,280300
2015-02-05,76.670303,76.932312,76.342796,76.921394,68.303749,229100
2015-02-06,76.244545,76.375549,75.087334,75.272926,66.839958,462100
2015-02-09,74.08297,74.530571,73.711792,73.995636,65.705765,532100
2015-02-10,74.093887,74.80349,73.995636,74.79258,66.413422,379000
2015-02-11,75.272926,75.272926,74.563316,74.80349,66.423119,613600
2015-02-12,75.20742,75.447601,74.934494,75.382095,66.936897,359600
2015-02-13,75.109169,75.109169,74.650658,74.879913,66.490974,412300
2015-02-17,73.613541,74.115723,73.515282,73.831879,65.560364,477900
2015-02-18,73.744545,74.235809,73.275108,74.192139,65.880257,689400
2015-02-19,74.836243,75.371178,74.705238,75.021835,66.616997,507600
2015-02-20,75.425766,76.06987,75.15284,75.895195,67.392509,488200
2015-02-23,75.316597,75.884277,75.251091,75.884277,67.382813,267100
2015-02-24,76.124451,76.79039,76.091705,76.572052,67.993538,433600
2015-02-25,76.342796,76.670303,76.135368,76.451965,67.886909,405800
2015-02-26,75.403931,75.469429,74.716156,74.770744,66.394043,302400
2015-02-27,74.912666,75.141922,74.628822,74.84716,66.461891,276200
2015-03-02,74.344978,74.465065,73.93013,74.279472,65.957809,437800
2015-03-03,74.115723,74.475983,74.050217,74.399567,66.064445,299200
2015-03-04,72.914848,72.914848,72.489082,72.751091,64.600647,505800
2015-03-05,73.231438,73.504364,73.078606,73.384277,65.162895,500500
2015-03-06,71.94323,71.94323,71.004364,71.189957,63.214413,581500
2015-03-09,71.866814,71.975983,71.572052,71.724892,63.689423,521500
2015-03-10,71.342796,71.43013,70.185593,70.240173,62.371037,495400
2015-03-11,70.294762,70.458519,69.497818,69.628822,61.828182,425300
2015-03-12,69.781662,70.174675,69.475983,69.912666,62.080215,468300
2015-03-13,68.919212,69.028381,67.958519,68.93013,61.207756,584800
2015-03-16,68.820961,69.257645,68.744545,69.093887,61.353168,858700
2015-03-17,69.050217,70.218338,69.006554,70.087334,62.235313,447600
2015-03-18,70.262009,72.620087,70.174675,72.314407,64.212891,732300
2015-03-19,72.128822,72.183403,71.43013,71.517464,63.505222,316200
2015-03-20,72.270744,73.144104,72.172485,72.914848,64.746063,947700
2015-03-23,72.489082,73.034935,72.34716,72.849342,64.687889,289000
2015-03-24,72.631004,72.936684,72.445412,72.532753,64.406784,660800
2015-03-25,72.70742,73.176857,72.467247,72.478165,64.358299,393200
2015-03-26,72.34716,72.467247,71.495636,71.528381,63.514919,405900
2015-03-27,71.866814,72.325325,71.506554,71.844978,63.796055,272200
2015-03-30,71.473801,71.965065,71.451965,71.746727,63.708805,396600
2015-03-31,70.294762,70.829697,70.229256,70.534935,62.632774,491800
2015-04-01,70.862442,71.604805,70.578606,71.539299,63.524616,506900
2015-04-02,71.299126,71.713974,71.135368,71.43013,63.427685,391100
2015-04-06,71.834061,72.543671,71.735809,71.954147,63.892998,228700
2015-04-07,72.729256,72.980347,72.281662,72.336243,64.232277,271600
2015-04-08,73.122269,73.155022,71.954147,72.205238,64.115952,421500
2015-04-09,72.598251,73.024017,72.456329,72.598251,64.464928,499100
2015-04-10,72.270744,72.762009,72.172485,72.5,64.377686,291000
2015-04-13,72.554588,72.674675,71.975983,71.975983,63.912376,378000
2015-04-14,72.816597,73.198692,72.718338,72.991264,64.813911,594800
2015-04-15,72.631004,72.936684,72.412666,72.631004,64.494019,374900
2015-04-16,74.072052,74.104805,73.05677,73.406113,65.182289,411000
2015-04-17,72.718338,73.034935,72.358078,72.663757,64.523102,256400
2015-04-20,72.390831,73.078606,72.34716,72.794762,64.639435,392500
2015-04-21,72.958519,73.242355,72.762009,73.024017,64.843002,308200
2015-04-22,72.936684,72.969429,72.467247,72.969429,64.794518,299800
2015-04-23,72.838425,73.548035,72.740173,73.384277,65.162895,291500
2015-04-24,74.039299,75.163757,74.028381,74.80349,66.423119,429500
2015-04-27,74.836243,74.945412,74.355896,74.617905,66.258316,382300
2015-04-28,74.716156,75.19651,74.563316,75.15284,66.73333,317100
2015-04-29,74.890831,75.131004,73.886459,74.246727,65.928726,352100
2015-04-30,73.875549,73.875549,73.264191,73.613541,65.366478,277400
2015-05-01,73.548035,73.831879,73.144104,73.788208,65.521576,1155900
2015-05-04,73.689957,74.421394,73.537117,74.170303,65.860863,412600
2015-05-05,73.995636,74.039299,72.205238,72.467247,64.348602,826000
2015-05-06,72.827515,72.838425,72.106987,72.434494,64.319519,483800
2015-05-07,71.997818,72.65284,71.768562,72.358078,64.251671,377100
2015-05-08,76.135368,76.408295,75.382095,76.124451,67.596092,856300
2015-05-11,76.888649,77.29258,76.375549,76.550217,67.974144,638900
2015-05-12,75.611351,76.43013,75.382095,76.135368,67.605789,367400
2015-05-13,75.698692,75.884277,75.403931,75.600433,67.130775,317800
2015-05-14,76.06987,76.397377,75.895195,76.266373,67.722107,278700
2015-05-15,76.299126,77.063316,76.080788,76.910477,68.294052,294200
2015-05-18,76.353714,76.681221,76.27729,76.517464,67.945068,244100
2015-05-19,75.982536,76.397377,75.906113,76.266373,67.722107,294000
2015-05-20,76.266373,76.899567,76.22271,76.43013,67.867523,399600
2015-05-21,77.674675,77.936684,76.9869,77.674675,68.972633,512600
2015-05-22,77.663757,77.969429,77.565506,77.794762,69.079269,307000
2015-05-26,76.997818,77.074234,75.884277,76.724892,68.129257,878200
2015-05-27,77.336243,78.05677,77.183403,77.882095,69.156822,811400
2015-05-28,77.893013,78.438866,77.532753,78.275108,69.505791,294700
2015-05-29,78.406113,78.755455,77.969429,78.253273,69.48642,449900
2015-06-01,77.772926,78.100433,77.30349,77.849342,69.127739,815200
2015-06-02,77.194321,77.783844,77.128822,77.5,68.817535,698900
2015-06-03,74.508736,74.661575,74.028381,74.224892,68.004349,610600
2015-06-04,73.482536,73.788208,72.762009,72.991264,66.874115,500900
2015-06-05,72.019653,72.074234,71.528381,71.703056,65.693863,426300
2015-06-08,72.117905,72.248909,71.812225,71.921394,65.893913,357500
2015-06-09,71.637558,71.703056,71.037117,71.266373,65.293785,387200
2015-06-10,72.237991,72.838425,72.052399,72.379913,66.313995,425900
2015-06-11,72.914848,73.242355,72.65284,72.980347,66.864113,390300
2015-06-12,72.609169,72.991264,72.270744,72.489082,66.414017,338000
2015-06-15,72.161575,72.827515,72.074234,72.762009,66.66407,1210600
2015-06-16,72.740173,73.537117,72.729256,73.482536,67.324211,537300
2015-06-17,73.526199,74.028381,73.198692,73.853714,67.664284,342500
2015-06-18,74.530571,74.781662,74.421394,74.596069,68.344421,326600
2015-06-19,74.497818,74.497818,73.973801,73.973801,67.7743,615200
2015-06-22,74.235809,74.552399,74.028381,74.072052,67.864326,299000
2015-06-23,73.820961,73.973801,73.460701,73.526199,67.36422,252300
2015-06-24,73.406113,73.711792,73.176857,73.515282,67.354218,711500
2015-06-25,73.034935,74.203056,72.805679,73.744545,67.564262,1663200
2015-06-26,72.991264,73.296944,72.838425,73.067688,66.94413,703500
2015-06-29,71.866814,72.587334,71.342796,71.342796,65.3638,562100
2015-06-30,71.342796,71.386459,70.272926,70.491264,64.583633,642200
2015-07-01,70.305679,70.491264,69.912666,70.054588,64.183556,621300
2015-07-02,70.054588,71.342796,70.054588,71.310043,65.333794,337400
2015-07-06,70.393013,70.687775,70.272926,70.567688,64.653648,266300
2015-07-07,70.131004,71.058952,69.79258,70.840614,64.903702,497800
2015-07-08,70.502182,70.698692,70.19651,70.469429,64.563629,404600
2015-07-09,71.681221,71.757645,70.698692,70.698692,64.773674,526100
2015-07-10,72.489082,72.838425,72.368996,72.521835,66.444023,480100
2015-07-13,72.34716,72.609169,71.866814,72.096069,66.05394,608200
2015-07-14,72.576416,72.762009,72.34716,72.685593,66.594063,300600
2015-07-15,73.165939,73.449783,73.045853,73.220528,67.08416,408600
2015-07-16,73.493446,73.820961,73.460701,73.799126,67.614265,334300
2015-07-17,73.045853,73.41703,72.849342,73.176857,67.044144,212000
2015-07-20,73.460701,73.460701,73.089523,73.198692,67.064156,771800
2015-07-21,72.718338,72.740173,72.074234,72.248909,66.19397,475400
2015-07-22,71.812225,71.877731,71.441048,71.539299,65.543823,385300
2015-07-23,71.593887,71.593887,70.818779,71.06987,65.113739,304700
2015-07-24,71.266373,71.561134,70.665939,70.786026,64.853691,219300
2015-07-27,71.419212,71.484718,71.058952,71.135368,65.173752,236400
2015-07-28,70.938866,71.397377,70.742355,71.135368,65.173752,322400
2015-07-29,71.692139,72.052399,71.58297,71.812225,65.793884,326600
2015-07-30,72.085152,72.085152,71.746727,71.975983,65.943916,249700
2015-07-31,72.510918,73.067688,72.434494,72.729256,66.634064,245200
2015-08-03,72.70742,72.980347,72.390831,72.631004,66.544044,253900
2015-08-04,73.024017,73.100433,72.489082,72.554588,66.474037,292700
2015-08-05,72.70742,73.089523,72.69651,72.925766,66.814102,590700
2015-08-06,73.438866,73.460701,72.958519,73.351532,67.204185,486000
2015-08-07,72.576416,73.286026,72.445412,73.144104,67.014137,306200
2015-08-10,72.598251,73.406113,72.587334,73.264191,67.124168,253500
2015-08-11,72.816597,73.198692,72.816597,73.111351,66.984138,322400
2015-08-12,72.740173,74.224892,72.69651,74.050217,67.844315,526700
2015-08-13,74.192139,74.355896,73.831879,74.08297,67.874329,334400
2015-08-14,74.29039,74.694321,74.268562,74.694321,68.434433,320400
2015-08-17,74.661575,75.262009,74.552399,75.010918,68.72451,339800
2015-08-18,75.436684,75.436684,75.043671,75.294762,68.984566,382800
2015-08-19,75.141922,75.327515,74.79258,75.15284,68.85453,414400
2015-08-20,75.109169,75.272926,74.530571,74.541481,68.294411,551700
2015-08-21,74.705238,74.84716,72.86026,72.882095,66.774094,567400
2015-08-24,70.076416,71.779472,69.596069,70.327515,64.433609,719000
2015-08-25,72.70742,72.70742,70.960701,70.971619,65.023727,788400
2015-08-26,71.353714,71.473801,69.781662,71.386459,65.403801,880800
2015-08-27,71.255455,72.390831,71.211792,72.379913,66.313995,760200
2015-08-28,71.637558,72.772926,71.637558,72.762009,66.66407,547900
2015-08-31,72.358078,72.5,71.692139,72.248909,66.19397,363900
2015-09-01,71.495636,71.637558,70.786026,71.058952,65.103745,686800
2015-09-02,72.106987,72.106987,70.840614,71.408295,65.423805,540600
2015-09-03,71.648468,71.954147,71.22271,71.397377,65.413811,508400
2015-09-04,70.786026,70.829697,70.021835,70.305679,64.413597,317400
2015-09-08,72.161575,72.456329,71.932312,72.445412,66.374001,439500
2015-09-09,73.024017,73.133186,71.921394,71.9869,65.953926,296800
2015-09-10,72.423584,73.296944,72.401749,72.980347,66.864113,506400
2015-09-11,72.106987,72.248909,71.735809,72.227074,66.173965,335800
2015-09-14,71.135368,71.713974,71.004364,71.659386,65.653862,588300
2015-09-15,71.113541,71.659386,70.884277,71.58297,65.583839,490300
2015-09-16,72.183403,72.794762,72.13974,72.631004,66.544044,310600
2015-09-17,71.888649,73.460701,71.888649,72.849342,66.744087,340900
2015-09-18,72.128822,73.05677,72.117905,72.532753,66.454025,436900
2015-09-21,72.936684,73.045853,72.521835,72.641922,66.554054,238800
2015-09-22,72.194321,72.227074,71.648468,71.954147,65.923912,277800
2015-09-23,72.259827,72.379913,71.855896,71.899567,65.873909,253200
2015-09-24,72.401749,73.089523,72.237991,73.002182,66.884109,520200
2015-09-25,73.558952,74.355896,73.427948,73.897377,67.704285,840900
2015-09-28,74.628822,74.945412,74.093887,74.268562,68.044365,486300
2015-09-29,74.705238,75.010918,74.552399,74.781662,68.514458,349100
2015-09-30,75.502182,76.102623,75.425766,76.015282,69.644699,386500
2015-10-01,76.364632,76.517464,75.742355,76.200874,69.814735,476900
2015-10-02,76.965065,78.144104,76.855896,78.144104,71.595108,491800
2015-10-05,77.358078,77.805679,77.161575,77.783844,71.265038,753400
2015-10-06,77.849342,78.034935,77.576416,77.762009,71.245033,730400
2015-10-07,78.471619,78.515282,77.368996,77.718338,71.205025,427000
2015-10-08,77.685593,78.602623,77.620087,78.580788,71.995201,410600
2015-10-09,77.379913,77.456329,76.211792,76.550217,70.134796,572300
2015-10-12,76.091705,76.703056,76.058952,76.58297,70.16481,669300
2015-10-13,75.098251,76.135368,74.956329,75.927948,69.564682,466200
2015-10-14,76.713974,76.997818,76.593887,76.79039,70.354843,267200
2015-10-15,77.685593,78.37336,77.576416,78.253273,71.695129,457300
2015-10-16,78.144104,78.56987,78.144104,78.493446,71.915176,281800
2015-10-19,78.231438,78.591705,78.165939,78.56987,71.985199,209400
2015-10-20,78.788208,78.941048,78.624451,78.799126,72.195236,207800
2015-10-21,78.231438,78.766373,78.198692,78.362442,71.795158,288200
2015-10-22,78.526199,78.853714,78.307861,78.820961,72.21524,289700
2015-10-23,78.733627,78.733627,78.155022,78.286026,71.725143,323300
2015-10-26,78.657204,79.137558,78.646286,79.072052,72.44529,283300
2015-10-27,78.406113,78.493446,78.176857,78.37336,71.805161,238900
2015-10-28,78.384277,78.657204,77.729256,78.329697,71.76516,305300
2015-10-29,77.576416,78.089523,77.205238,77.980347,71.445076,342300
2015-10-30,77.958519,78.482536,77.751091,78.165939,71.615112,415100
2015-11-02,78.482536,78.602623,77.849342,78.296944,71.735138,266500
2015-11-03,76.975983,77.849342,76.844978,77.849342,71.325058,383900
2015-11-04,77.751091,78.133186,77.598251,77.827515,71.305046,319500
2015-11-05,77.532753,77.805679,77.34716,77.565506,71.065002,591900
2015-11-06,74.79258,75.131004,73.482536,74.017464,67.814308,647700
2015-11-09,73.853714,74.224892,73.591705,74.104805,67.894333,429400
2015-11-10,75.36026,75.633186,75.15284,75.240173,68.934547,351800
2015-11-11,75.524017,75.840614,75.098251,75.600433,69.264618,308200
2015-11-12,76.255455,76.593887,75.840614,75.91703,69.554688,439800
2015-11-13,75.338425,75.611351,75.163757,75.262009,68.954552,269000
2015-11-16,75.414848,76.506554,75.414848,76.484718,70.074791,250400
2015-11-17,76.79039,77.063316,76.397377,76.484718,70.074791,406800
2015-11-18,76.528381,77.270744,76.233627,77.194321,70.724922,461500
2015-11-19,78.351532,78.711792,78.220528,78.253273,71.695129,660500
2015-11-20,78.864632,79.181221,78.700874,78.831879,72.22525,683500
2015-11-23,78.165939,78.37336,77.5,77.598251,71.095009,454500
2015-11-24,76.048035,76.768562,75.87336,76.572052,71.290154,411400
2015-11-25,77.106987,77.106987,76.746727,76.9869,71.676392,543100
2015-11-27,76.866814,77.161575,76.528381,76.572052,71.290154,353800
2015-11-30,76.43013,76.659386,75.807861,75.818779,70.588844,835100
2015-12-01,76.550217,76.735809,75.55677,76.102623,70.853104,1069400
2015-12-02,75.971619,76.015282,75.141922,75.20742,70.019653,537400
2015-12-03,75.753273,75.829697,74.344978,74.530571,69.389496,538600
2015-12-04,74.4869,74.945412,74.203056,74.84716,69.684242,459000
2015-12-07,75.109169,75.20742,74.79258,74.923584,69.755402,681900
2015-12-08,74.672485,74.945412,74.29039,74.901749,69.735069,676500
2015-12-09,75.949783,76.255455,74.945412,75.185593,69.999336,547200
2015-12-10,75.676857,75.687775,74.967247,75.076416,69.89769,545200
2015-12-11,75.316597,75.622269,74.781662,74.901749,69.735069,449900
2015-12-14,74.716156,74.759827,73.820961,74.563316,69.419983,509700
2015-12-15,74.890831,75.185593,74.552399,74.563316,69.419983,392300
2015-12-16,74.923584,76.168121,74.923584,76.015282,70.77179,609900
2015-12-17,75.15284,75.895195,75.120087,75.5131,70.304253,504200
2015-12-18,75.294762,75.294762,74.497818,74.497818,69.359001,548300
2015-12-21,75.55677,75.622269,74.388649,74.825325,69.663925,448900
2015-12-22,74.465065,74.879913,74.017464,74.737991,69.582603,448100
2015-12-23,75.633186,76.462883,75.633186,76.331879,71.066559,371400
2015-12-24,76.255455,76.768562,76.255455,76.58297,71.300323,153200
2015-12-28,76.091705,76.517464,76.015282,76.43013,71.158028,252100
2015-12-29,76.975983,77.5,76.94323,77.390831,72.052452,273900
2015-12-30,77.478165,77.565506,77.128822,77.172485,71.849174,210400
2015-12-31,76.320961,76.408295,75.720528,75.91703,70.680321,278200
