2014-01-02,109.169998,109.169998,107.849998,107.870003,99.011719,180500.0
2014-01-03,106.839996,106.839996,106.0,106.660004,97.901093,220300.0
2014-01-06,105.43,105.730003,104.199997,104.589996,96.001068,252300.0
2014-01-07,104.620003,105.540001,104.199997,104.699997,96.102043,250700.0
2014-01-08,105.099998,105.099998,103.25,103.989998,95.450348,281800.0
2014-01-09,103.769997,103.769997,102.290001,102.940002,94.48658,237100.0
2014-01-10,103.279999,104.790001,103.169998,104.349998,95.780785,124300.0
2014-01-13,103.599998,103.900002,102.5,102.559998,94.137787,170700.0
2014-01-14,103.0,104.040001,102.5,103.849998,95.321846,180800.0
2014-01-15,103.599998,103.900002,102.860001,103.489998,94.991402,170800.0
2014-01-16,103.730003,103.910004,103.040001,103.199997,94.725227,106700.0
2014-01-17,104.349998,104.839996,103.5,103.519997,95.018944,175900.0
2014-01-21,103.989998,104.459999,103.169998,103.940002,95.404449,102200.0
2014-01-22,103.639999,104.68,103.25,104.339996,95.771614,115600.0
2014-01-23,102.449997,102.82,100.300003,101.129997,92.825218,333500.0
2014-01-24,101.0,101.0,99.699997,99.800003,91.604439,278800.0
2014-01-27,99.75,100.389999,99.010002,99.779999,91.586075,318600.0
2014-01-28,99.489998,100.269997,99.269997,99.589996,91.411674,201200.0
2014-01-29,97.739998,98.089996,96.279999,97.160004,89.181229,415100.0
2014-01-30,96.980003,97.230003,96.360001,96.919998,88.960945,134400.0
2014-01-31,95.910004,96.910004,95.589996,95.910004,88.033882,203300.0
2014-02-03,96.220001,96.5,94.75,94.75,86.969131,419200.0
2014-02-04,95.0,96.419998,94.779999,95.910004,88.033882,234800.0
2014-02-05,95.620003,96.650002,94.900002,95.949997,88.070602,193700.0
2014-02-06,96.160004,97.400002,96.139999,96.970001,89.006836,172200.0
2014-02-07,97.470001,98.139999,97.389999,97.720001,89.695244,240100.0
2014-02-10,98.940002,99.379997,98.25,98.830002,90.714088,257800.0
2014-02-11,99.919998,102.239998,99.720001,101.949997,93.577873,369500.0
2014-02-12,102.629997,103.0,102.089996,102.260002,93.862419,188000.0
2014-02-13,100.519997,101.800003,100.410004,101.559998,93.219902,107900.0
2014-02-14,101.199997,102.400002,100.620003,101.989998,93.614586,100600.0
2014-02-18,102.129997,102.339996,101.18,101.779999,93.421837,122500.0
2014-02-19,101.559998,104.330002,101.559998,103.540001,95.0373,396800.0
2014-02-20,105.07,105.489998,104.260002,105.410004,96.753746,262200.0
2014-02-21,104.800003,104.989998,104.400002,104.599998,96.010262,175400.0
2014-02-24,102.099998,103.089996,101.879997,102.809998,94.367249,193700.0
2014-02-25,102.099998,102.169998,101.120003,101.379997,93.054688,164100.0
2014-02-26,103.160004,103.169998,102.279999,102.639999,94.211212,111800.0
2014-02-27,104.449997,105.790001,104.169998,105.550003,96.882248,234700.0
2014-02-28,105.540001,106.129997,105.089996,105.599998,96.928131,320300.0
2014-03-03,103.889999,105.300003,103.889999,104.989998,96.368233,284400.0
2014-03-04,106.720001,106.949997,106.0,106.720001,97.956154,349600.0
2014-03-05,104.050003,104.440002,103.440002,104.349998,95.780785,267700.0
2014-03-06,104.629997,105.5,104.349998,104.919998,96.30397,129400.0
2014-03-07,105.089996,105.209999,103.57,104.400002,95.826691,154000.0
2014-03-10,102.949997,103.580002,101.519997,102.940002,94.48658,302900.0
2014-03-11,102.25,102.370003,100.099998,100.419998,92.173515,270800.0
2014-03-12,100.0,100.419998,99.419998,100.32,92.081726,124000.0
2014-03-13,99.559998,99.610001,97.400002,98.07,90.016502,224900.0
2014-03-14,98.559998,99.330002,98.050003,98.529999,90.438728,134800.0
2014-03-17,99.019997,99.839996,98.860001,99.589996,91.411674,227100.0
2014-03-18,99.290001,100.110001,98.959999,99.720001,91.530998,224300.0
2014-03-19,98.900002,100.019997,98.169998,98.779999,90.668198,137900.0
2014-03-20,100.32,100.32,98.5,99.589996,91.411674,133000.0
2014-03-21,102.220001,104.379997,102.18,102.940002,94.48658,485400.0
2014-03-24,106.300003,106.800003,105.870003,106.260002,97.533943,248600.0
2014-03-25,106.5,107.760002,106.5,107.419998,98.598679,211400.0
2014-03-26,107.879997,108.470001,107.580002,107.720001,98.874046,186600.0
2014-03-27,108.550003,109.339996,108.43,108.889999,99.947968,169900.0
2014-03-28,109.209999,110.800003,109.150002,110.209999,101.159561,187300.0
2014-03-31,109.400002,109.5,108.480003,108.5,99.589981,166400.0
2014-04-01,110.129997,111.050003,110.129997,110.919998,101.811264,206800.0
2014-04-02,110.449997,110.970001,109.949997,110.849998,101.747002,155700.0
2014-04-03,110.400002,110.599998,109.519997,110.459999,101.38903,143700.0
2014-04-04,113.260002,114.529999,112.059998,112.300003,103.077934,346700.0
2014-04-07,112.199997,112.480003,111.540001,111.809998,102.628174,107900.0
2014-04-08,112.800003,114.0,112.040001,112.480003,103.243172,133300.0
2014-04-09,112.769997,112.93,111.620003,112.629997,103.380836,82100.0
2014-04-10,114.510002,115.75,113.879997,113.919998,104.564888,229100.0
2014-04-11,113.43,114.830002,113.0,114.220001,104.840271,236100.0
2014-04-14,115.0,115.43,114.089996,114.480003,105.078903,98400.0
2014-04-15,112.150002,112.440002,110.769997,111.540001,102.380356,128800.0
2014-04-16,112.949997,113.959999,112.339996,113.5,104.17939,164200.0
2014-04-17,113.510002,113.699997,112.949997,113.18,103.885658,110800.0
2014-04-21,113.330002,113.330002,112.0,112.309998,103.087105,191200.0
2014-04-22,113.360001,113.480003,112.25,112.650002,103.3992,215700.0
2014-04-23,112.830002,113.470001,112.629997,112.980003,103.702103,111100.0
2014-04-24,114.0,114.0,112.209999,112.449997,103.215614,85700.0
2014-04-25,112.989998,113.32,112.540001,113.18,103.885658,124700.0
2014-04-28,114.800003,116.029999,114.360001,115.589996,106.097755,230700.0
2014-04-29,115.269997,116.169998,114.68,114.739998,105.317566,113500.0
2014-04-30,115.519997,116.07,115.0,115.32,105.849937,104000.0
2014-05-01,115.32,115.860001,114.639999,115.769997,106.262978,109000.0
2014-05-02,115.449997,115.470001,114.540001,115.300003,105.831581,111100.0
2014-05-05,112.949997,113.019997,111.82,112.129997,102.92189,262700.0
2014-05-06,112.589996,113.419998,112.470001,112.800003,103.536873,90100.0
2014-05-07,113.599998,114.099998,113.050003,113.790001,104.445572,68900.0
2014-05-08,114.889999,115.0,114.190002,114.400002,105.005493,104100.0
2014-05-09,115.0,115.269997,114.610001,114.769997,105.345093,81400.0
2014-05-12,116.209999,117.239998,116.129997,117.239998,107.612259,230400.0
2014-05-13,118.5,119.25,118.099998,118.940002,109.172646,191300.0
2014-05-14,118.5,118.989998,117.989998,118.260002,108.5485,137000.0
2014-05-15,118.099998,118.169998,116.690002,117.699997,108.034477,98200.0
2014-05-16,118.779999,119.25,117.809998,118.349998,108.631104,149500.0
2014-05-19,119.790001,119.790001,118.660004,119.239998,109.448021,144400.0
2014-05-20,119.239998,119.239998,118.269997,118.800003,109.044151,97100.0
2014-05-21,120.029999,120.150002,119.470001,119.879997,110.035454,139300.0
2014-05-22,121.5,121.790001,120.860001,121.330002,111.366394,198700.0
2014-05-23,119.82,120.010002,118.629997,119.120003,111.665428,166100.0
2014-05-27,119.550003,119.550003,117.300003,118.099998,110.709267,211900.0
2014-05-28,119.0,119.07,118.25,118.650002,111.224838,140200.0
2014-05-29,119.099998,119.330002,118.68,119.0,111.552933,134300.0
2014-05-30,119.860001,119.860001,118.900002,118.900002,111.459206,173600.0
2014-06-02,119.800003,120.5,119.43,120.089996,112.574715,120700.0
2014-06-03,119.989998,120.75,119.75,120.599998,113.052811,190100.0
2014-06-04,119.769997,119.860001,119.260002,119.389999,111.918526,99200.0
2014-06-05,120.610001,121.190002,120.099998,121.0,113.42778,201200.0
2014-06-06,120.980003,121.510002,120.209999,120.349998,112.818451,151200.0
2014-06-09,121.139999,121.879997,121.0,121.660004,114.046486,106600.0
2014-06-10,122.129997,123.139999,121.940002,123.050003,115.349487,199400.0
2014-06-11,122.089996,122.150002,121.519997,121.82,114.196449,81200.0
2014-06-12,121.730003,122.669998,121.629997,121.769997,114.149597,188900.0
2014-06-13,122.220001,123.050003,121.959999,122.989998,115.293243,102800.0
2014-06-16,123.489998,123.589996,122.839996,123.519997,115.790077,90700.0
2014-06-17,123.040001,123.650002,122.870003,123.650002,115.911949,80400.0
2014-06-18,123.82,124.879997,123.239998,124.839996,117.027466,94500.0
2014-06-19,124.839996,125.209999,124.809998,125.110001,117.280571,74600.0
2014-06-20,124.910004,125.18,124.790001,124.830002,117.018097,81700.0
2014-06-23,124.900002,125.0,123.970001,124.889999,117.074333,186100.0
2014-06-24,124.43,124.599998,123.379997,123.410004,115.686974,119500.0
2014-06-25,123.239998,124.230003,123.129997,123.949997,116.193176,78300.0
2014-06-26,126.18,126.760002,125.879997,126.279999,118.377357,146000.0
2014-06-27,125.809998,126.25,124.739998,126.239998,118.339851,81100.0
2014-06-30,126.389999,126.510002,125.489998,125.550003,117.693039,66300.0
2014-07-01,126.43,127.150002,126.25,126.980003,119.033546,107000.0
2014-07-02,127.989998,128.0,127.510002,127.800003,119.802231,97300.0
2014-07-03,126.669998,127.440002,126.639999,127.440002,119.46476,48100.0
2014-07-07,126.489998,127.0,125.459999,125.940002,118.058632,78100.0
2014-07-08,126.0,126.339996,124.620003,125.029999,117.205582,115800.0
2014-07-09,124.449997,125.650002,124.279999,125.599998,117.739899,103900.0
2014-07-10,124.959999,126.660004,124.449997,126.290001,118.386734,132700.0
2014-07-11,127.800003,127.989998,127.339996,127.660004,119.670998,92600.0
2014-07-14,129.0,129.860001,128.960007,129.75,121.630196,99100.0
2014-07-15,129.649994,129.929993,128.630005,129.479996,121.377098,100300.0
2014-07-16,131.240005,131.830002,130.979996,131.300003,123.083206,98700.0
2014-07-17,130.470001,130.830002,129.490005,129.759995,121.639572,70700.0
2014-07-18,131.460007,132.020004,131.220001,131.410004,123.186317,81900.0
2014-07-21,131.309998,132.5,131.050003,132.330002,124.048752,91000.0
2014-07-22,135.279999,135.699997,135.059998,135.649994,127.16098,118600.0
2014-07-23,139.220001,139.539993,138.850006,139.259995,130.545059,363600.0
2014-07-24,140.089996,140.880005,139.830002,140.679993,131.876205,168500.0
2014-07-25,139.529999,139.529999,138.699997,139.220001,130.507553,169700.0
2014-07-28,137.720001,137.970001,137.179993,137.809998,129.185791,156900.0
2014-07-29,135.699997,135.699997,132.199997,132.929993,124.611191,372000.0
2014-07-30,134.949997,135.470001,133.110001,133.710007,125.342384,155900.0
2014-07-31,130.809998,131.119995,129.059998,129.070007,120.99276,274400.0
2014-08-01,130.539993,131.199997,129.470001,130.809998,122.623871,168700.0
2014-08-04,130.949997,131.339996,129.690002,131.240005,123.026962,118400.0
2014-08-05,130.130005,130.350006,129.100006,129.589996,121.480209,73800.0
2014-08-06,129.399994,130.300003,129.199997,129.639999,121.527084,98800.0
2014-08-07,130.929993,130.929993,129.369995,130.139999,121.995789,79800.0
2014-08-08,133.029999,134.149994,132.660004,134.110001,125.717354,143800.0
2014-08-11,136.589996,136.729996,135.130005,135.970001,127.46096,196400.0
2014-08-12,138.970001,139.429993,138.720001,139.240005,130.526306,272300.0
2014-08-13,140.539993,141.0,138.820007,139.679993,130.938766,307700.0
2014-08-14,138.179993,138.770004,137.800003,138.690002,130.010727,125400.0
2014-08-15,138.960007,139.080002,137.699997,138.339996,129.682632,106600.0
2014-08-18,138.970001,139.970001,138.779999,139.800003,131.05127,99800.0
2014-08-19,140.0,140.830002,140.0,140.529999,131.735565,72500.0
2014-08-20,138.5,139.270004,138.360001,139.220001,130.507553,86800.0
2014-08-21,139.039993,139.25,138.259995,138.869995,130.179443,71100.0
2014-08-22,139.369995,139.889999,138.639999,139.089996,130.385681,91800.0
2014-08-25,141.5,143.039993,141.309998,142.990005,134.041641,194500.0
2014-08-26,144.830002,145.449997,144.740005,144.979996,135.907074,142400.0
2014-08-27,146.0,146.0,145.059998,145.339996,136.244568,116200.0
2014-08-28,141.699997,143.679993,140.330002,142.190002,133.291718,131100.0
2014-08-29,142.190002,142.570007,141.509995,141.800003,132.926117,139200.0
2014-09-02,144.679993,145.020004,144.130005,144.369995,135.335281,137300.0
2014-09-03,147.940002,148.490005,147.300003,148.169998,138.897461,122900.0
2014-09-04,150.190002,150.800003,148.679993,149.479996,140.125488,132900.0
2014-09-05,148.470001,149.440002,148.25,149.399994,140.050476,100700.0
2014-09-08,147.990005,148.149994,147.089996,147.759995,138.513107,115100.0
2014-09-09,145.039993,145.270004,143.559998,144.070007,137.5849,133400.0
2014-09-10,140.440002,140.970001,139.600006,140.940002,134.595764,141800.0
2014-09-11,137.440002,138.789993,137.210007,138.300003,132.0746,177900.0
2014-09-12,136.279999,136.490005,135.279999,135.899994,129.782654,171300.0
2014-09-15,135.289993,135.789993,134.339996,134.509995,128.4552,135800.0
2014-09-16,133.669998,137.360001,133.25,135.570007,129.467514,183900.0
2014-09-17,138.880005,138.880005,137.199997,137.490005,131.301086,152400.0
2014-09-18,136.660004,136.660004,135.880005,136.199997,130.069138,78000.0
2014-09-19,135.679993,135.929993,134.130005,134.509995,128.4552,119200.0
2014-09-22,132.339996,132.440002,130.179993,130.710007,124.826271,215500.0
2014-09-23,131.089996,131.649994,130.339996,130.520004,124.644814,117800.0
2014-09-24,133.830002,135.179993,133.270004,134.809998,128.741684,129000.0
2014-09-25,133.610001,133.990005,132.690002,133.039993,127.051369,81300.0
2014-09-26,133.270004,134.220001,133.020004,133.509995,127.500221,56200.0
2014-09-29,129.490005,129.869995,128.949997,129.179993,123.36512,136700.0
2014-09-30,128.440002,129.089996,128.009995,128.509995,122.725296,82400.0
2014-10-01,128.0,128.339996,125.809998,126.220001,120.538376,179600.0
2014-10-02,126.129997,126.550003,123.559998,125.669998,120.01313,116900.0
2014-10-03,128.389999,128.470001,127.339996,127.540001,121.798965,147500.0
2014-10-06,129.350006,130.259995,128.979996,129.130005,123.31739,91900.0
2014-10-07,129.5,129.5,127.989998,128.050003,122.286003,117400.0
2014-10-08,127.489998,129.380005,125.839996,129.25,123.431976,165400.0
2014-10-09,127.699997,127.699997,125.459999,125.529999,119.879433,183700.0
2014-10-10,123.779999,124.220001,122.440002,122.699997,117.176819,147200.0
2014-10-13,123.529999,124.709999,122.32,122.379997,116.871223,106600.0
2014-10-14,122.080002,123.25,121.290001,121.75,116.269585,133800.0
2014-10-15,118.760002,119.5,115.059998,119.129997,113.767517,248200.0
2014-10-16,118.099998,121.239998,117.879997,120.290001,114.875313,193500.0
2014-10-17,121.620003,122.089996,120.830002,121.169998,115.715683,190800.0
2014-10-20,121.050003,121.900002,120.650002,121.610001,116.135895,113000.0
2014-10-21,121.540001,122.629997,121.309998,122.370003,116.861687,157800.0
2014-10-22,123.809998,124.879997,122.519997,122.580002,117.062233,153200.0
2014-10-23,124.349998,124.709999,123.550003,124.029999,118.446953,87200.0
2014-10-24,123.760002,123.910004,123.050003,123.57,118.007668,158700.0
2014-10-27,121.330002,121.459999,120.639999,121.129997,115.67749,170800.0
2014-10-28,123.0,124.989998,122.669998,124.769997,119.153641,241900.0
2014-10-29,125.419998,127.0,123.980003,125.160004,119.526093,262500.0
2014-10-30,124.110001,124.57,123.239998,123.720001,118.150917,147300.0
2014-10-31,124.949997,125.940002,124.75,125.5,119.850784,125100.0
2014-11-03,122.980003,123.099998,120.889999,121.190002,115.734787,158600.0
2014-11-04,123.0,123.809998,121.910004,123.120003,117.577919,173200.0
2014-11-05,120.690002,121.68,119.620003,121.660004,116.183647,226100.0
2014-11-06,120.699997,120.699997,118.639999,119.400002,114.025368,209900.0
2014-11-07,118.25,119.510002,118.07,119.510002,114.130417,156900.0
2014-11-10,119.559998,119.769997,117.620003,117.940002,112.631096,129700.0
2014-11-11,116.300003,116.459999,115.480003,116.190002,110.959869,98000.0
2014-11-12,116.57,117.349998,115.620003,115.860001,110.644714,105000.0
2014-11-13,114.199997,114.199997,111.889999,112.610001,107.541008,254500.0
2014-11-14,113.139999,114.589996,112.769997,114.220001,109.078545,120100.0
2014-11-17,111.550003,112.339996,111.040001,112.019997,106.97757,87300.0
2014-11-18,110.650002,110.690002,109.779999,110.540001,105.564201,117600.0
2014-11-19,110.099998,110.769997,109.510002,110.190002,105.22995,154500.0
2014-11-20,110.290001,110.900002,109.93,110.660004,105.678787,122200.0
2014-11-21,115.349998,117.0,115.349998,116.059998,110.835709,287100.0
2014-11-24,115.949997,116.029999,114.879997,115.0,109.823418,88500.0
2014-11-25,113.379997,113.610001,110.860001,111.300003,106.289986,179000.0
2014-11-26,112.730003,113.800003,112.389999,113.120003,108.028061,128700.0
2014-11-28,109.160004,109.279999,105.889999,107.019997,102.202637,234300.0
2014-12-01,104.75,105.769997,104.150002,105.379997,100.636459,251600.0
2014-12-02,105.760002,107.089996,105.510002,106.029999,101.257202,122400.0
2014-12-03,102.300003,104.410004,102.279999,103.18,98.535484,239600.0
2014-12-04,108.690002,109.910004,108.459999,109.559998,104.628304,228100.0
2014-12-05,111.400002,111.790001,110.550003,111.32,106.309082,183000.0
2014-12-08,109.139999,109.339996,106.5,106.800003,101.992546,194900.0
2014-12-09,105.360001,106.190002,105.07,105.730003,100.970711,161900.0
2014-12-10,104.0,104.470001,102.459999,102.980003,98.344498,181100.0
2014-12-11,103.970001,105.150002,103.440002,103.550003,98.88884,263900.0
2014-12-12,103.510002,104.190002,101.639999,102.010002,97.418152,200000.0
2014-12-15,105.860001,106.559998,103.25,103.489998,98.831528,317800.0
2014-12-16,102.080002,105.769997,102.0,103.980003,99.299477,190400.0
2014-12-17,106.089996,111.050003,106.0,109.470001,104.542358,429700.0
2014-12-18,110.5,110.5,107.769997,109.330002,104.408661,278700.0
2014-12-19,109.169998,112.199997,108.580002,111.779999,106.748375,297000.0
2014-12-22,111.07,112.0,110.470001,110.629997,105.650131,192500.0
2014-12-23,111.089996,112.809998,110.379997,112.760002,107.684265,162400.0
2014-12-24,111.190002,111.93,110.209999,111.25,106.242226,63700.0
2014-12-26,115.0,115.150002,113.239998,113.650002,108.534203,141800.0
2014-12-29,113.599998,113.720001,112.0,112.129997,107.082619,91600.0
2014-12-30,109.959999,110.040001,109.139999,109.879997,104.933899,99400.0
2014-12-31,111.349998,111.760002,110.199997,110.959999,105.965279,118300.0
2015-01-02,111.150002,111.620003,110.150002,110.400002,105.430496,130700.0
2015-01-05,111.919998,111.989998,109.660004,110.150002,105.191742,238400.0
2015-01-06,109.910004,110.019997,107.089996,108.089996,103.224464,247100.0
2015-01-07,110.910004,112.800003,110.760002,112.410004,107.350029,282200.0
2015-01-08,113.959999,115.089996,113.709999,114.230003,109.088097,127200.0
2015-01-09,114.190002,114.220001,111.82,113.089996,107.999405,120300.0
2015-01-12,112.889999,113.169998,110.110001,110.809998,105.822029,231000.0
2015-01-13,114.279999,115.0,111.599998,113.870003,108.744301,317800.0
2015-01-14,112.959999,113.269997,110.730003,113.269997,108.171295,197200.0
2015-01-15,113.269997,115.190002,112.589996,112.720001,107.646065,183300.0
2015-01-16,112.169998,114.129997,112.160004,114.050003,108.916191,193500.0
2015-01-20,110.82,110.879997,109.629997,110.290001,105.325447,202000.0
2015-01-21,110.639999,112.68,110.5,112.110001,107.063522,149700.0
2015-01-22,112.980003,113.980003,112.230003,113.699997,108.581947,131200.0
2015-01-23,114.529999,115.790001,114.290001,114.459999,109.307739,115500.0
2015-01-26,114.349998,115.089996,113.919998,114.900002,109.727928,78700.0
2015-01-27,111.870003,112.139999,110.860001,111.620003,106.595581,201600.0
2015-01-28,110.559998,110.599998,108.32,108.389999,103.510971,122800.0
2015-01-29,109.139999,109.470001,107.25,109.349998,104.42775,154300.0
2015-01-30,108.279999,109.989998,107.699997,108.57,103.682869,176400.0
2015-02-02,110.25,111.260002,109.309998,110.900002,105.907982,148100.0
2015-02-03,112.089996,114.910004,111.629997,114.269997,109.126289,242300.0
2015-02-04,114.550003,115.699997,113.809998,114.120003,108.983055,158300.0
2015-02-05,111.580002,112.489998,111.169998,112.330002,107.273621,111500.0
2015-02-06,110.440002,111.0,109.93,109.980003,105.029396,121900.0
2015-02-09,111.129997,111.82,110.650002,111.080002,106.079895,118500.0
2015-02-10,111.300003,111.300003,109.309998,109.739998,104.800201,199200.0
2015-02-11,109.760002,109.769997,108.720001,109.5,104.571007,108200.0
2015-02-12,110.760002,112.080002,110.599998,111.419998,106.404572,104800.0
2015-02-13,111.400002,112.089996,111.309998,111.790001,106.757927,80800.0
2015-02-17,112.769997,114.110001,112.580002,113.889999,108.76339,174200.0
2015-02-18,115.410004,115.769997,114.800003,115.589996,110.386864,142100.0
2015-02-19,114.480003,115.239998,113.989998,114.099998,108.963943,115500.0
2015-02-20,114.220001,114.870003,113.900002,114.809998,109.641983,98900.0
2015-02-23,113.959999,114.360001,113.18,113.5,108.390953,77000.0
2015-02-24,114.139999,115.0,113.870003,114.330002,109.183586,99600.0
2015-02-25,113.970001,114.449997,113.690002,114.07,108.935295,60100.0
2015-02-26,115.43,115.690002,115.120003,115.290001,110.10038,120200.0
2015-02-27,114.989998,116.980003,114.989998,116.370003,111.131767,106300.0
2015-03-02,114.989998,115.32,114.489998,114.970001,109.794777,118600.0
2015-03-03,113.0,113.610001,112.5,113.379997,108.27636,118100.0
2015-03-04,110.910004,111.199997,109.699997,110.82,105.831589,203200.0
2015-03-05,109.330002,109.800003,109.010002,109.220001,104.303619,118800.0
2015-03-06,108.339996,108.339996,106.25,106.699997,101.897041,190400.0
2015-03-09,108.010002,108.199997,107.339996,107.5,102.661034,92600.0
2015-03-10,106.540001,106.559998,105.330002,105.699997,100.942055,115900.0
2015-03-11,105.910004,105.940002,105.059998,105.400002,100.655563,70400.0
2015-03-12,106.230003,106.349998,105.019997,105.220001,100.483665,75300.0
2015-03-13,105.720001,105.720001,104.660004,105.57,100.817909,110400.0
2015-03-16,105.959999,105.959999,103.339996,103.739998,99.070282,214300.0
2015-03-17,104.110001,105.400002,104.099998,105.120003,100.388168,96900.0
2015-03-18,106.010002,108.989998,105.650002,108.400002,103.520523,202300.0
2015-03-19,108.199997,108.790001,107.650002,108.029999,103.167183,117100.0
2015-03-20,108.029999,109.199997,108.029999,108.900002,103.998009,92000.0
2015-03-23,107.440002,108.0,106.830002,106.93,102.116692,100700.0
2015-03-24,105.82,105.910004,104.459999,104.870003,100.149429,157800.0
2015-03-25,107.110001,107.43,105.699997,106.040001,101.266754,177400.0
2015-03-26,106.739998,107.489998,105.150002,106.050003,101.276306,138500.0
2015-03-27,107.760002,107.870003,106.139999,106.610001,101.811089,277200.0
2015-03-30,109.830002,111.440002,109.809998,111.160004,106.156288,202000.0
2015-03-31,110.169998,111.550003,110.150002,111.209999,106.204025,139400.0
2015-04-01,111.349998,113.190002,111.349998,112.760002,107.684265,115200.0
2015-04-02,112.660004,113.459999,112.650002,112.870003,107.789314,106700.0
2015-04-06,113.730003,116.089996,113.730003,115.580002,110.377319,138200.0
2015-04-07,115.07,116.18,114.849998,115.739998,110.530121,130000.0
2015-04-08,122.610001,124.529999,121.230003,122.849998,117.320076,411800.0
2015-04-09,128.179993,131.350006,126.190002,131.169998,125.265564,820200.0
2015-04-10,129.5,130.470001,128.509995,130.289993,124.425171,365800.0
2015-04-13,129.979996,130.789993,128.070007,128.339996,122.562943,241900.0
2015-04-14,127.800003,129.639999,127.190002,128.360001,122.582047,587400.0
2015-04-15,130.009995,131.320007,129.350006,130.990005,125.093666,406300.0
2015-04-16,134.960007,136.979996,134.460007,136.369995,130.231476,417800.0
2015-04-17,132.190002,133.380005,131.160004,133.229996,127.232826,348800.0
2015-04-20,129.300003,130.899994,128.770004,129.589996,123.756683,326800.0
2015-04-21,131.850006,132.240005,130.830002,130.979996,125.084099,188400.0
2015-04-22,131.75,131.860001,130.820007,131.369995,125.456566,129100.0
2015-04-23,130.479996,131.509995,129.979996,131.240005,125.33242,196300.0
2015-04-24,129.630005,130.169998,128.949997,130.050003,124.195984,190200.0
2015-04-27,133.880005,136.229996,133.610001,134.300003,128.254684,353600.0
2015-04-28,131.470001,131.949997,130.240005,131.470001,125.552063,165300.0
2015-04-29,128.929993,130.190002,128.300003,130.039993,124.186417,187400.0
2015-04-30,128.419998,129.389999,128.039993,128.919998,123.116837,158300.0
2015-05-01,129.070007,130.080002,128.559998,129.5,123.670731,94700.0
2015-05-04,129.850006,130.970001,129.679993,130.610001,124.730766,166200.0
2015-05-05,129.0,129.360001,127.510002,127.940002,122.180954,143000.0
2015-05-06,127.940002,128.199997,125.169998,125.620003,119.965393,179100.0
2015-05-07,123.519997,125.010002,122.360001,124.830002,119.210945,304800.0
2015-05-08,125.650002,126.68,124.120003,125.779999,120.118179,145100.0
2015-05-11,122.970001,123.43,121.980003,122.129997,116.632484,206100.0
2015-05-12,120.550003,122.370003,120.209999,122.209999,116.708878,134900.0
2015-05-13,121.589996,121.980003,120.889999,121.209999,115.753891,104200.0
2015-05-14,121.540001,122.349998,120.57,121.309998,115.849388,176100.0
2015-05-15,123.199997,125.300003,123.0,124.989998,119.363747,439800.0
2015-05-18,122.400002,123.779999,121.75,123.120003,117.577919,304400.0
2015-05-19,124.239998,124.459999,123.389999,123.720001,118.150917,127600.0
2015-05-20,123.400002,123.870003,122.889999,123.410004,117.854874,90000.0
2015-05-21,122.18,122.870003,121.809998,122.389999,116.880783,138800.0
2015-05-22,124.059998,125.459999,123.900002,124.769997,119.153641,178200.0
2015-05-26,125.150002,125.25,123.190002,123.349998,117.797562,143800.0
2015-05-27,123.290001,124.190002,122.940002,123.879997,118.303711,89700.0
2015-05-28,120.199997,120.199997,118.769997,119.93,114.531509,203600.0
2015-05-29,119.410004,119.410004,118.230003,118.489998,113.156334,145200.0
2015-06-01,118.199997,118.279999,117.349998,117.480003,112.191803,112000.0
2015-06-02,117.760002,119.129997,117.599998,118.360001,113.032181,114800.0
2015-06-03,118.25,118.550003,117.709999,117.900002,112.592896,118300.0
2015-06-04,117.459999,117.459999,116.260002,116.760002,111.504204,83500.0
2015-06-05,115.0,116.050003,114.360001,115.389999,110.195885,74500.0
2015-06-08,116.239998,117.18,116.239998,116.440002,111.198616,98600.0
2015-06-09,115.18,115.199997,114.589996,115.0,109.823418,82800.0
2015-06-10,114.370003,115.269997,114.290001,114.940002,109.766136,137700.0
2015-06-11,114.669998,115.099998,114.019997,114.540001,109.384132,109300.0
2015-06-12,115.089996,115.459999,114.949997,115.040001,109.861618,69100.0
2015-06-15,113.989998,113.989998,112.43,113.059998,107.970749,80900.0
2015-06-16,111.110001,112.010002,110.620003,111.839996,106.805664,92800.0
2015-06-17,111.830002,112.040001,110.720001,111.540001,106.519173,104100.0
2015-06-18,111.059998,111.730003,110.769997,111.269997,106.26133,98600.0
2015-06-19,111.5,112.040001,111.269997,111.75,106.719727,158500.0
2015-06-22,112.790001,113.529999,112.459999,112.93,107.846619,93000.0
2015-06-23,115.0,115.290001,114.440002,115.080002,109.899826,88800.0
2015-06-24,117.910004,118.330002,116.660004,116.940002,111.676102,144600.0
2015-06-25,116.330002,116.330002,115.5,115.540001,110.339119,111200.0
2015-06-26,113.139999,113.470001,112.260002,112.709999,107.636505,109100.0
2015-06-29,110.449997,111.220001,109.730003,109.860001,106.374847,93700.0
2015-06-30,112.339996,112.339996,110.330002,110.809998,107.294708,94600.0
2015-07-01,110.699997,111.040001,109.0,109.230003,105.764839,118400.0
2015-07-02,111.540001,112.5,110.379997,110.620003,107.110741,115500.0
2015-07-06,108.989998,110.75,108.519997,108.699997,105.25164,152400.0
2015-07-07,106.360001,107.309998,103.639999,106.699997,103.315094,374300.0
2015-07-08,103.940002,104.43,101.449997,101.550003,98.328476,277500.0
2015-07-09,104.220001,104.730003,103.129997,103.779999,100.48774,225200.0
2015-07-10,104.919998,105.120003,103.220001,104.540001,101.223618,157200.0
2015-07-13,105.050003,105.190002,104.379997,104.419998,101.107422,169700.0
2015-07-14,103.029999,104.019997,103.029999,103.489998,100.206924,157200.0
2015-07-15,103.290001,103.489998,102.129997,102.349998,99.103096,148700.0
2015-07-16,103.809998,104.239998,103.269997,104.129997,100.826622,115200.0
2015-07-17,103.949997,103.949997,103.18,103.419998,100.139145,81900.0
2015-07-20,102.459999,102.800003,101.699997,101.989998,98.754509,140300.0
2015-07-21,102.550003,103.360001,102.0,102.010002,98.77388,105900.0
2015-07-22,101.989998,102.349998,101.440002,101.660004,98.43499,95700.0
2015-07-23,102.050003,102.050003,101.099998,101.440002,98.22197,96100.0
2015-07-24,101.0,101.309998,99.57,99.919998,96.750175,112400.0
2015-07-27,95.690002,96.279999,94.889999,95.169998,92.150864,217700.0
2015-07-28,98.519997,99.559998,97.769997,99.230003,96.082077,180600.0
2015-07-29,100.220001,102.93,100.190002,102.519997,99.2677,240200.0
2015-07-30,100.650002,100.75,99.699997,100.110001,96.934151,104900.0
2015-07-31,99.629997,99.809998,98.160004,98.389999,95.268707,90000.0
2015-08-03,96.580002,96.699997,95.150002,95.519997,92.489761,168000.0
2015-08-04,95.519997,95.889999,94.550003,94.879997,91.870056,128400.0
2015-08-05,95.459999,96.209999,94.360001,94.400002,91.405296,141700.0
2015-08-06,94.519997,94.900002,94.019997,94.5,91.502129,110500.0
2015-08-07,94.400002,94.699997,93.209999,93.480003,90.514481,113500.0
2015-08-10,94.5,95.43,94.389999,95.419998,92.392937,116700.0
2015-08-11,93.669998,94.57,93.290001,94.32,91.327835,174400.0
2015-08-12,93.620003,94.989998,93.209999,94.800003,91.792603,150600.0
2015-08-13,95.699997,95.699997,94.739998,94.809998,91.802284,155400.0
2015-08-14,93.669998,94.110001,93.330002,93.739998,90.766235,133000.0
2015-08-17,93.169998,93.779999,92.510002,93.57,90.601624,144900.0
2015-08-18,92.360001,93.25,92.190002,92.660004,89.720497,84900.0
2015-08-19,91.510002,91.510002,89.230003,90.07,87.212654,179200.0
2015-08-20,87.550003,87.940002,86.339996,86.449997,83.707504,208200.0
2015-08-21,85.269997,85.540001,83.139999,83.160004,80.521873,161700.0
2015-08-24,77.900002,83.0,77.339996,79.290001,76.774643,283600.0
2015-08-25,83.089996,83.339996,79.120003,79.360001,76.842415,233500.0
2015-08-26,82.459999,82.699997,80.019997,82.190002,79.582642,169600.0
2015-08-27,84.080002,88.099998,84.080002,87.089996,84.327194,331000.0
2015-08-28,84.660004,85.68,84.330002,85.139999,82.439064,189700.0
2015-08-31,83.720001,84.199997,81.800003,83.540001,80.889816,273300.0
2015-09-01,79.370003,79.800003,77.400002,77.739998,75.273811,450800.0
2015-09-02,78.330002,78.330002,76.290001,78.059998,75.583656,212000.0
2015-09-03,78.25,80.190002,78.150002,78.43,75.941917,170900.0
2015-09-04,74.989998,74.989998,73.0,73.32,70.994026,297400.0
2015-09-08,76.470001,76.709999,75.690002,76.5,75.074554,202100.0
2015-09-09,80.089996,80.489998,77.25,77.410004,75.967606,254700.0
2015-09-10,76.849998,77.870003,76.339996,76.989998,75.555412,162400.0
2015-09-11,74.489998,74.599998,73.879997,74.43,73.043121,106900.0
2015-09-14,73.879997,73.940002,72.940002,73.709999,72.33654,106900.0
2015-09-15,73.449997,74.699997,73.330002,74.220001,72.837036,140300.0
2015-09-16,75.989998,77.160004,75.629997,76.830002,75.398407,175100.0
2015-09-17,75.209999,76.980003,74.959999,75.620003,74.210945,130100.0
2015-09-18,74.480003,74.769997,73.199997,73.559998,72.189331,125500.0
2015-09-21,73.970001,74.160004,73.169998,73.629997,72.258026,139700.0
2015-09-22,73.480003,74.139999,72.75,73.449997,72.081383,142900.0
2015-09-23,72.5,72.559998,70.900002,71.029999,69.706474,111100.0
2015-09-24,70.57,71.57,70.040001,71.440002,70.108841,127900.0
2015-09-25,72.029999,72.220001,70.720001,70.760002,69.441513,98700.0
2015-09-28,69.959999,69.959999,68.860001,69.220001,67.930206,154800.0
2015-09-29,67.120003,68.099998,67.120003,67.690002,66.428711,142500.0
2015-09-30,69.650002,70.660004,68.540001,69.699997,68.401253,204400.0
2015-10-01,70.610001,71.150002,69.360001,70.339996,69.029327,251900.0
2015-10-02,70.57,72.970001,70.199997,72.889999,71.531815,122000.0
2015-10-05,72.879997,73.620003,72.730003,73.370003,72.002876,201800.0
2015-10-06,74.419998,75.839996,74.379997,75.519997,74.112816,264800.0
2015-10-07,80.800003,81.660004,78.300003,79.480003,77.999031,295700.0
2015-10-08,78.970001,81.089996,78.0,81.019997,79.51033,202300.0
2015-10-09,81.889999,82.099998,79.790001,80.089996,78.597656,197000.0
2015-10-12,82.129997,82.470001,80.43,80.970001,79.461266,169400.0
2015-10-13,80.169998,80.769997,79.139999,79.300003,77.82238,143000.0
2015-10-14,81.18,82.019997,80.559998,80.860001,79.353317,218900.0
2015-10-15,82.949997,83.43,81.019997,83.43,81.875427,215700.0
2015-10-16,83.559998,84.050003,82.339996,83.970001,82.405357,171500.0
2015-10-19,83.0,83.57,82.300003,82.860001,81.31604,123400.0
2015-10-20,82.419998,82.910004,81.769997,82.080002,80.550583,129900.0
2015-10-21,82.160004,82.199997,80.230003,80.230003,78.735054,104000.0
2015-10-22,80.620003,82.0,80.620003,81.860001,80.334679,125100.0
2015-10-23,82.610001,82.860001,81.529999,82.379997,80.844994,116600.0
2015-10-26,80.110001,80.290001,79.099998,79.25,77.773315,215100.0
2015-10-27,78.169998,78.739998,77.900002,78.419998,76.958771,105300.0
2015-10-28,78.410004,80.419998,77.779999,79.190002,77.714432,199200.0
2015-10-29,78.510002,78.510002,76.779999,77.459999,76.016663,184000.0
2015-10-30,78.160004,79.110001,77.730003,78.629997,77.164856,140600.0
2015-11-02,77.610001,78.360001,77.18,78.279999,76.821388,140100.0
2015-11-03,77.699997,80.169998,77.620003,79.330002,77.85183,218300.0
2015-11-04,80.650002,80.830002,78.900002,79.599998,78.116791,118100.0
2015-11-05,79.190002,79.849998,78.769997,79.050003,77.577042,78800.0
2015-11-06,77.050003,77.379997,76.300003,77.129997,75.69281,95600.0
2015-11-09,76.459999,77.0,75.139999,75.43,74.024498,133300.0
2015-11-10,75.410004,75.410004,74.43,74.739998,73.347343,155700.0
2015-11-11,74.550003,74.879997,72.739998,73.050003,71.688835,166800.0
2015-11-12,74.910004,75.57,73.459999,73.760002,72.385612,187000.0
2015-11-13,72.559998,72.559998,71.220001,71.529999,70.197159,209100.0
2015-11-16,71.120003,72.800003,70.57,72.669998,71.315918,183100.0
2015-11-17,72.269997,72.290001,71.209999,71.339996,70.010696,125300.0
2015-11-18,70.010002,70.379997,69.110001,70.150002,68.842873,326400.0
2015-11-19,70.660004,71.139999,70.489998,70.860001,69.539642,106700.0
2015-11-20,72.029999,72.970001,71.769997,72.07,70.727097,180000.0
2015-11-23,72.82,73.089996,72.25,72.370003,71.021507,200900.0
2015-11-24,73.129997,75.059998,73.129997,74.32,72.935173,176800.0
2015-11-25,73.849998,74.889999,73.599998,74.43,73.043121,135400.0
2015-11-27,71.900002,71.900002,70.25,70.279999,68.970451,196100.0
2015-11-30,71.339996,71.5,70.760002,71.209999,69.883125,148700.0
2015-12-01,72.449997,72.980003,72.0,72.57,71.217789,156700.0
2015-12-02,72.989998,73.370003,71.57,71.809998,70.471939,175400.0
2015-12-03,72.660004,73.169998,71.790001,72.120003,70.776169,166200.0
2015-12-04,71.059998,71.25,70.089996,70.940002,69.618164,174500.0
2015-12-07,69.889999,69.889999,67.519997,67.900002,66.634796,233100.0
2015-12-08,67.040001,68.449997,66.809998,67.830002,66.566101,186600.0
2015-12-09,67.07,68.5,66.5,67.089996,65.83989,172700.0
2015-12-10,66.599998,67.0,65.769997,66.209999,64.976288,201000.0
2015-12-11,64.800003,64.879997,63.630001,63.900002,62.709335,349700.0
2015-12-14,64.199997,64.779999,63.599998,64.68,63.474804,155500.0
2015-12-15,65.720001,66.610001,65.349998,66.339996,65.103859,207100.0
2015-12-16,67.970001,68.279999,66.830002,67.690002,66.428711,193200.0
2015-12-17,67.07,67.379997,65.709999,65.889999,64.662254,140700.0
2015-12-18,65.730003,66.949997,65.360001,66.660004,65.417908,449700.0
2015-12-21,66.099998,67.150002,65.93,66.650002,65.408096,119700.0
2015-12-22,65.589996,66.5,65.5,66.360001,65.123489,187700.0
2015-12-23,68.019997,70.449997,68.019997,70.419998,69.107841,178600.0
2015-12-24,70.0,70.43,69.339996,69.760002,68.460144,61700.0
2015-12-28,67.790001,68.5,67.660004,67.790001,66.526848,109800.0
2015-12-29,67.5,67.889999,67.099998,67.139999,65.888962,140400.0
2015-12-30,66.480003,66.519997,65.769997,65.769997,64.544487,109100.0
2015-12-31,65.269997,65.949997,65.0,65.589996,64.367836,109600.0
