2014-01-02,74.889999,74.940002,74.300003,74.389999,58.935684,651700
2014-01-03,74.860001,74.879997,74.43,74.459999,58.991146,502800
2014-01-06,74.099998,74.190002,73.800003,73.889999,58.539555,717700
2014-01-07,74.599998,74.68,74.339996,74.559998,59.07037,620900
2014-01-08,74.5,74.510002,74.059998,74.25,58.824764,552900
2014-01-09,74.699997,74.730003,74.349998,74.650002,59.141659,746800
2014-01-10,75.82,76.0,75.529999,76.0,60.211205,2560100
2014-01-13,75.400002,75.599998,74.790001,74.809998,59.268417,1468400
2014-01-14,74.940002,75.32,74.709999,75.139999,59.529869,1960300
2014-01-15,75.050003,75.230003,74.769997,75.07,59.474407,1718700
2014-01-16,75.730003,75.730003,75.18,75.419998,59.751694,1755900
2014-01-17,74.360001,74.970001,74.07,74.080002,58.690075,4587300
2014-01-21,74.919998,74.93,74.330002,74.769997,59.236729,2753300
2014-01-22,75.489998,75.879997,75.349998,75.790001,60.044827,3314800
2014-01-23,76.389999,76.389999,75.029999,75.93,60.155739,1842000
2014-01-24,75.690002,75.720001,74.449997,74.550003,59.06245,1006000
2014-01-27,74.559998,74.620003,73.879997,73.970001,58.602932,1635200
2014-01-28,74.190002,74.370003,73.919998,74.190002,58.777237,1479600
2014-01-29,73.610001,74.459999,73.470001,74.339996,58.896061,1652400
2014-01-30,75.610001,75.629997,74.660004,75.18,59.561562,1250700
2014-01-31,73.330002,73.370003,72.800003,72.830002,57.699768,1013500
2014-02-03,72.379997,72.550003,71.419998,71.459999,56.614368,832300
2014-02-04,71.57,71.949997,71.43,71.610001,56.733215,753400
2014-02-05,71.690002,72.059998,71.620003,71.970001,57.018433,756500
2014-02-06,72.440002,72.779999,72.400002,72.629997,57.541321,1238400
2014-02-07,72.760002,73.190002,72.629997,73.18,57.977047,508100
2014-02-10,73.209999,73.440002,73.0,73.330002,58.095894,838300
2014-02-11,74.220001,75.110001,74.139999,75.110001,59.506092,804600
2014-02-12,74.57,75.050003,74.540001,74.860001,60.027313,1270700
2014-02-13,75.839996,76.110001,75.5,76.059998,60.989555,3167800
2014-02-14,76.010002,76.610001,75.949997,76.610001,61.430565,480700
2014-02-18,77.419998,78.099998,77.389999,77.989998,62.537128,1834900
2014-02-19,78.050003,78.459999,77.730003,77.75,62.344696,761700
2014-02-20,78.459999,78.68,78.150002,78.610001,63.034283,991900
2014-02-21,78.900002,79.07,78.599998,78.639999,63.058353,1171900
2014-02-24,78.57,80.07,78.410004,79.220001,63.523418,994600
2014-02-25,78.760002,79.029999,78.239998,78.639999,63.058353,1036900
2014-02-26,78.300003,78.559998,77.949997,78.32,62.801743,1018700
2014-02-27,77.669998,78.239998,77.540001,78.110001,62.633362,489900
2014-02-28,78.129997,78.370003,77.699997,77.919998,62.480999,612500
2014-03-03,76.989998,77.339996,76.68,76.82,61.598976,906200
2014-03-04,78.089996,78.510002,78.010002,78.489998,62.938057,832500
2014-03-05,78.099998,78.510002,78.029999,78.160004,62.673458,405000
2014-03-06,77.639999,78.019997,77.510002,77.739998,62.336666,394800
2014-03-07,77.910004,78.040001,77.589996,77.830002,62.408829,341400
2014-03-10,77.669998,78.25,77.610001,78.190002,62.69751,425200
2014-03-11,77.809998,78.239998,77.669998,77.75,62.344696,480800
2014-03-12,77.139999,77.669998,77.019997,77.370003,62.039986,418500
2014-03-13,77.660004,77.800003,75.949997,75.989998,60.933411,514800
2014-03-14,75.93,76.5,75.879997,76.32,61.198036,772400
2014-03-17,76.739998,76.959999,76.120003,76.339996,61.21405,706400
2014-03-18,76.349998,76.989998,76.25,76.57,61.398499,778100
2014-03-19,76.5,76.809998,75.620003,76.050003,60.981525,432800
2014-03-20,75.010002,75.82,74.910004,75.720001,60.716919,558600
2014-03-21,75.300003,76.25,75.230003,75.650002,60.660782,651400
2014-03-24,75.900002,75.980003,75.190002,75.68,60.684834,446400
2014-03-25,76.300003,76.690002,75.910004,76.449997,61.302265,307400
2014-03-26,76.919998,76.989998,76.360001,76.480003,61.326328,680400
2014-03-27,76.82,77.25,76.669998,76.779999,61.566883,536900
2014-03-28,77.690002,77.940002,77.540001,77.940002,62.497047,694100
2014-03-31,78.489998,78.690002,77.970001,78.110001,62.633362,1357900
2014-04-01,78.139999,78.480003,77.760002,78.080002,62.609303,807300
2014-04-02,77.919998,78.029999,77.510002,77.769997,62.360725,463000
2014-04-03,77.699997,77.860001,77.529999,77.779999,62.368744,435800
2014-04-04,78.120003,78.459999,77.769997,77.860001,62.432892,357500
2014-04-07,77.949997,78.300003,77.720001,77.760002,62.352711,262400
2014-04-08,78.529999,78.699997,78.370003,78.690002,63.098434,445100
2014-04-09,78.989998,79.43,78.730003,79.379997,63.651733,727600
2014-04-10,79.290001,79.379997,78.589996,78.620003,63.042324,274500
2014-04-11,78.300003,79.029999,78.300003,78.580002,63.010235,477000
2014-04-14,78.93,79.489998,78.690002,79.349998,63.627659,591900
2014-04-15,79.93,80.120003,79.43,80.080002,64.213028,548300
2014-04-16,80.040001,80.160004,79.849998,80.029999,64.172928,412100
2014-04-17,80.209999,80.839996,80.209999,80.760002,64.758301,823300
2014-04-21,80.5,80.879997,80.5,80.760002,64.758301,211900
2014-04-22,80.389999,80.669998,80.209999,80.230003,64.333298,419100
2014-04-23,80.5,80.639999,80.349998,80.559998,64.597916,376900
2014-04-24,80.699997,81.0,80.470001,80.900002,64.870552,317800
2014-04-25,80.599998,80.790001,80.32,80.580002,64.613953,503200
2014-04-28,80.980003,81.120003,80.660004,80.839996,64.822433,497800
2014-04-29,81.32,81.889999,81.300003,81.769997,65.568169,750200
2014-04-30,85.239998,85.260002,84.519997,84.650002,67.877541,2231100
2014-05-01,85.32,85.32,84.360001,84.82,68.01384,1031100
2014-05-02,84.779999,85.459999,84.709999,85.199997,68.318558,1216400
2014-05-05,84.879997,85.349998,84.849998,85.199997,68.318558,510900
2014-05-06,85.370003,85.629997,85.190002,85.400002,68.478928,884100
2014-05-07,86.290001,86.610001,86.0,86.370003,69.256729,932700
2014-05-08,87.0,87.099998,86.639999,86.709999,69.529358,726400
2014-05-09,86.720001,86.790001,86.330002,86.57,69.417107,1085200
2014-05-12,87.110001,87.25,86.599998,86.900002,69.681725,697400
2014-05-13,86.989998,87.169998,86.800003,87.120003,69.858139,420600
2014-05-14,85.419998,86.150002,85.379997,85.660004,69.436607,431200
2014-05-15,86.220001,86.260002,85.830002,85.919998,69.647362,630500
2014-05-16,86.239998,86.580002,86.199997,86.580002,70.182381,500400
2014-05-19,87.459999,87.589996,87.059998,87.25,70.725471,797700
2014-05-20,86.190002,86.260002,85.669998,85.949997,69.671684,574000
2014-05-21,86.290001,86.32,85.919998,86.209999,69.882446,831300
2014-05-22,82.610001,83.169998,82.519997,82.980003,67.264175,2758900
2014-05-23,82.260002,82.449997,82.059998,82.260002,66.680557,856000
2014-05-27,82.239998,82.339996,81.639999,81.720001,66.242836,505500
2014-05-28,81.82,81.879997,81.559998,81.720001,66.242836,478900
2014-05-29,82.339996,82.489998,81.980003,82.160004,66.59948,391600
2014-05-30,81.57,81.879997,81.389999,81.839996,66.340096,573400
2014-06-02,82.279999,82.339996,81.830002,82.220001,66.648117,541900
2014-06-03,82.519997,82.93,82.470001,82.800003,67.118279,447300
2014-06-04,82.419998,82.43,81.870003,82.019997,66.485992,467500
2014-06-05,82.209999,82.440002,81.970001,82.349998,66.753502,318200
2014-06-06,82.75,83.120003,82.68,83.07,67.337135,242200
2014-06-09,83.010002,83.029999,82.769997,82.849998,67.158806,316400
2014-06-10,82.790001,83.0,82.669998,82.839996,67.150703,193100
2014-06-11,82.760002,82.940002,82.589996,82.669998,67.012878,201000
2014-06-12,83.559998,83.919998,83.480003,83.529999,67.710007,195600
2014-06-13,84.620003,84.669998,84.129997,84.400002,68.415237,413100
2014-06-16,84.739998,85.059998,84.580002,84.870003,68.796234,342600
2014-06-17,84.290001,84.57,84.169998,84.529999,68.520615,324200
2014-06-18,85.849998,86.489998,85.75,86.489998,70.109406,597600
2014-06-19,86.959999,87.110001,86.459999,86.599998,70.198578,481800
2014-06-20,86.68,86.989998,86.470001,86.620003,70.21479,480700
2014-06-23,86.660004,87.0,86.660004,87.0,70.52282,283700
2014-06-24,86.720001,86.790001,85.980003,86.010002,69.720314,664200
2014-06-25,85.75,85.910004,85.32,85.739998,69.501457,437400
2014-06-26,86.019997,86.559998,85.370003,86.449997,70.076988,908000
2014-06-27,87.059998,87.150002,86.769997,87.089996,70.595779,753600
2014-06-30,86.839996,87.239998,86.5,87.010002,70.530937,603900
2014-07-01,87.5,87.800003,87.279999,87.599998,71.009178,532100
2014-07-02,87.75,88.129997,87.639999,87.919998,71.268585,309200
2014-07-03,87.68,87.800003,87.330002,87.599998,71.009178,207500
2014-07-07,87.459999,87.550003,87.029999,87.199997,70.684944,325900
2014-07-08,86.919998,87.07,86.57,86.709999,70.287735,357000
2014-07-09,86.43,87.260002,86.220001,87.169998,70.660622,383300
2014-07-10,86.360001,86.410004,85.839996,86.07,69.768951,335300
2014-07-11,86.739998,86.940002,86.470001,86.790001,70.352592,457500
2014-07-14,86.739998,87.019997,86.489998,86.879997,70.425552,516800
2014-07-15,87.059998,87.25,86.510002,86.790001,70.352592,403800
2014-07-16,87.230003,87.480003,87.029999,87.410004,70.855179,471500
2014-07-17,86.809998,87.220001,86.349998,86.459999,70.085091,430000
2014-07-18,86.010002,86.449997,85.870003,86.349998,69.995934,295500
2014-07-21,85.589996,86.43,85.510002,86.360001,70.004036,207300
2014-07-22,86.959999,87.0,86.669998,86.709999,70.287735,349900
2014-07-23,86.989998,87.139999,86.800003,87.029999,70.547134,317900
2014-07-24,86.669998,87.209999,86.589996,87.019997,70.53904,254900
2014-07-25,86.32,86.440002,85.980003,86.360001,70.004036,265400
2014-07-28,85.68,85.919998,85.239998,85.730003,69.49334,369200
2014-07-29,85.949997,86.32,85.769997,85.900002,69.631165,285400
2014-07-30,84.919998,85.07,83.970001,84.419998,68.43145,1081300
2014-07-31,87.269997,87.269997,86.029999,86.139999,69.825691,802400
2014-08-01,85.699997,85.889999,85.029999,85.470001,69.282593,886200
2014-08-04,85.940002,86.25,85.300003,86.25,69.914879,603600
2014-08-05,86.779999,86.849998,85.940002,86.139999,69.825691,900600
2014-08-06,85.290001,86.32,85.290001,85.959999,69.679787,796200
2014-08-07,85.519997,85.610001,84.809998,85.010002,68.909721,1111900
2014-08-08,84.32,84.919998,84.040001,84.769997,68.715157,754800
2014-08-11,84.489998,85.150002,84.410004,84.839996,68.771904,552600
2014-08-12,83.690002,84.230003,83.599998,84.120003,68.188263,946700
2014-08-13,83.209999,83.25,82.660004,83.019997,68.057114,925100
2014-08-14,83.459999,83.699997,83.160004,83.300003,68.286652,432700
2014-08-15,83.629997,83.959999,83.120003,83.68,68.598167,535700
2014-08-18,84.57,84.599998,84.209999,84.599998,69.352348,443000
2014-08-19,84.480003,85.269997,84.379997,85.269997,69.901581,1175500
2014-08-20,84.089996,84.129997,83.769997,84.019997,68.876892,809400
2014-08-21,83.529999,83.699997,83.389999,83.489998,68.44239,643600
2014-08-22,83.169998,83.290001,82.769997,83.040001,68.073502,468600
2014-08-25,83.0,83.57,83.0,83.389999,68.360413,269100
2014-08-26,83.830002,84.410004,83.790001,84.169998,68.999847,462300
2014-08-27,84.059998,84.650002,83.900002,84.650002,69.393341,359800
2014-08-28,84.57,84.980003,84.529999,84.949997,69.639252,420600
2014-08-29,84.669998,84.919998,84.339996,84.849998,69.557297,329500
2014-09-02,84.709999,84.709999,83.919998,84.18,69.008041,413200
2014-09-03,84.489998,84.779999,84.449997,84.639999,69.385132,252600
2014-09-04,84.739998,84.82,83.650002,83.889999,68.770302,411000
2014-09-05,83.459999,84.139999,83.400002,84.080002,68.926064,361200
2014-09-08,82.620003,82.839996,81.959999,82.050003,67.261932,579900
2014-09-09,81.019997,81.239998,80.790001,81.040001,66.433975,992400
2014-09-10,81.949997,82.300003,81.489998,82.300003,67.466873,546200
2014-09-11,81.800003,81.800003,81.169998,81.43,66.753677,501300
2014-09-12,80.989998,81.059998,80.629997,80.849998,66.278214,390300
2014-09-15,80.639999,81.169998,80.400002,81.059998,66.450363,371000
2014-09-16,80.849998,82.129997,80.849998,81.75,67.016006,969800
2014-09-17,81.639999,81.75,81.160004,81.25,66.606117,533800
2014-09-18,81.870003,82.18,81.800003,81.970001,67.196358,388500
2014-09-19,82.669998,82.720001,81.620003,82.269997,67.442284,404300
2014-09-22,82.169998,82.209999,81.82,82.209999,67.393097,255600
2014-09-23,81.129997,81.5,80.900002,81.059998,66.450363,510800
2014-09-24,81.040001,81.169998,80.339996,81.150002,66.524147,607700
2014-09-25,79.970001,80.07,79.199997,79.519997,65.187904,605100
2014-09-26,79.129997,79.980003,78.769997,79.82,65.433861,460300
2014-09-29,79.709999,80.110001,79.470001,79.839996,65.450256,311100
2014-09-30,79.449997,79.580002,78.800003,79.120003,64.860008,2490900
2014-10-01,78.760002,78.760002,78.029999,78.360001,64.236984,633200
2014-10-02,77.980003,78.089996,76.349998,77.169998,63.261467,1044400
2014-10-03,76.709999,76.870003,76.169998,76.610001,62.802383,744200
2014-10-06,76.059998,76.839996,76.029999,76.660004,62.843391,958100
2014-10-07,76.330002,76.550003,75.970001,76.040001,62.335133,929100
2014-10-08,76.5,77.739998,76.129997,77.730003,63.720524,966700
2014-10-09,75.580002,75.900002,74.550003,74.839996,61.351406,1791800
2014-10-10,73.269997,73.489998,72.629997,72.849998,59.720078,1060700
2014-10-13,73.550003,73.790001,72.440002,72.510002,59.441345,777500
2014-10-14,72.629997,72.68,71.580002,71.669998,58.752739,1182200
2014-10-15,71.589996,71.669998,69.75,71.32,58.46582,1289400
2014-10-16,68.629997,70.459999,68.540001,70.190002,57.53949,2649300
2014-10-17,71.510002,72.480003,71.410004,72.129997,59.129837,1247600
2014-10-20,70.860001,71.559998,70.68,71.510002,58.621574,911800
2014-10-21,72.540001,73.800003,72.5,73.739998,60.449661,808400
2014-10-22,73.300003,73.870003,72.970001,73.07,59.90041,888000
2014-10-23,73.620003,74.389999,73.360001,73.949997,60.621807,832700
2014-10-24,73.889999,74.110001,73.540001,74.089996,60.73658,520400
2014-10-27,73.529999,74.07,73.25,73.860001,60.548031,651100
2014-10-28,74.139999,74.580002,73.870003,74.580002,61.138279,807800
2014-10-29,74.82,75.32,73.800003,74.279999,60.892338,892600
2014-10-30,73.860001,74.489998,73.540001,74.360001,60.957935,817400
2014-10-31,74.269997,74.669998,73.589996,74.669998,61.21204,986900
2014-11-03,73.879997,74.040001,72.949997,73.080002,59.908623,911800
2014-11-04,71.68,71.860001,71.220001,71.589996,58.68716,1083100
2014-11-05,71.519997,72.669998,71.330002,72.550003,59.474155,803700
2014-11-06,72.709999,72.889999,72.129997,72.709999,59.605305,734100
2014-11-07,73.940002,74.440002,73.650002,74.440002,61.023499,585200
2014-11-10,74.720001,74.870003,74.120003,74.169998,60.802162,554500
2014-11-11,73.489998,74.540001,73.260002,74.389999,60.982506,613400
2014-11-12,72.550003,73.300003,72.290001,72.440002,60.14397,490400
2014-11-13,71.580002,71.919998,71.489998,71.809998,59.620895,661900
2014-11-14,71.699997,72.629997,71.660004,72.610001,60.285099,583800
2014-11-17,71.910004,72.629997,71.849998,72.470001,60.168861,425000
2014-11-18,73.459999,73.5,72.870003,73.339996,60.89119,610900
2014-11-19,73.029999,73.160004,72.580002,72.910004,60.534184,712300
2014-11-20,73.459999,74.440002,73.400002,74.349998,61.729752,634400
2014-11-21,75.230003,75.559998,74.779999,75.279999,62.501896,556300
2014-11-24,74.720001,75.080002,74.410004,74.779999,62.086765,599300
2014-11-25,74.57,74.889999,74.019997,74.089996,61.51387,542600
2014-11-26,74.809998,75.139999,74.360001,74.919998,62.202988,403300
2014-11-28,69.980003,70.269997,69.349998,69.440002,57.653175,1683100
2014-12-01,69.5,70.400002,69.269997,70.370003,58.42532,1083600
2014-12-02,71.040001,72.220001,70.699997,72.0,59.778645,1044100
2014-12-03,70.870003,71.629997,70.650002,71.209999,59.122738,2481800
2014-12-04,70.529999,70.690002,70.050003,70.209999,58.292492,1169800
2014-12-05,70.269997,70.400002,69.639999,69.830002,57.976986,1325100
2014-12-08,69.0,69.080002,67.989998,68.269997,56.68177,1114300
2014-12-09,67.599998,69.0,67.559998,68.110001,56.548935,1481400
2014-12-10,67.040001,67.099998,65.870003,66.230003,54.988056,1460000
2014-12-11,65.889999,66.82,65.459999,65.540001,54.415176,1685600
2014-12-12,64.769997,65.169998,63.740002,63.77,52.945606,1401300
2014-12-15,64.07,64.489998,62.110001,62.509998,51.899479,1508700
2014-12-16,63.59,66.339996,63.119999,65.07,54.024952,1345700
2014-12-17,66.220001,68.660004,65.989998,67.93,56.399494,1953500
2014-12-18,68.120003,68.690002,67.440002,68.68,57.022182,1404200
2014-12-19,69.330002,70.529999,69.019997,70.510002,58.541553,1270300
2014-12-22,71.050003,71.120003,69.790001,70.720001,58.715904,1544600
2014-12-23,70.099998,71.129997,70.029999,70.980003,58.931789,1226800
2014-12-24,71.07,71.330002,70.470001,71.059998,58.998199,509000
2014-12-26,71.25,71.809998,71.160004,71.459999,59.330296,427000
2014-12-29,70.989998,71.449997,70.75,70.980003,58.931789,734700
2014-12-30,69.690002,70.300003,69.470001,69.949997,58.076614,993500
2014-12-31,69.959999,70.040001,69.459999,69.559998,57.752804,784200
2015-01-02,69.440002,69.610001,68.540001,69.120003,57.387501,1062500
2015-01-05,66.68,66.870003,65.010002,65.519997,54.398567,2224300
2015-01-06,65.080002,66.209999,64.470001,64.660004,53.684544,1665600
2015-01-07,65.190002,66.099998,64.75,65.470001,54.357056,4187200
2015-01-08,65.790001,67.010002,65.519997,66.919998,55.560932,1616200
2015-01-09,66.279999,66.459999,65.379997,66.029999,54.821995,1524900
2015-01-12,64.639999,64.870003,63.669998,64.339996,53.418854,1913100
2015-01-13,64.690002,65.080002,63.790001,64.510002,53.560001,1237500
2015-01-14,62.900002,64.029999,62.560001,63.849998,53.012032,1624600
2015-01-15,64.769997,65.260002,64.0,64.480003,53.535099,1860900
2015-01-16,65.089996,66.660004,65.050003,66.610001,55.303551,1602000
2015-01-20,66.849998,67.0,66.050003,66.75,55.419781,1531200
2015-01-21,67.07,67.93,67.040001,67.75,56.250042,1424200
2015-01-22,67.839996,68.68,67.57,68.25,56.665176,2402800
2015-01-23,67.709999,68.889999,67.589996,68.169998,56.598751,1247100
2015-01-26,68.75,69.919998,68.440002,69.559998,57.752804,1213100
2015-01-27,69.059998,70.150002,69.0,69.849998,57.993576,1169000
2015-01-28,68.959999,68.959999,67.120003,67.120003,55.726982,1539900
2015-01-29,65.57,65.730003,64.389999,64.900002,53.883804,2200900
2015-01-30,64.019997,64.57,63.470001,63.990002,53.128269,2349400
2015-02-02,65.519997,66.099998,65.099998,65.959999,54.76387,1283300
2015-02-03,67.68,69.730003,67.68,69.610001,57.794315,1480600
2015-02-04,67.620003,68.639999,67.370003,68.029999,56.48251,1147900
2015-02-05,69.059998,70.050003,68.959999,69.809998,57.960369,961600
2015-02-06,68.959999,69.290001,68.519997,68.82,57.138412,2364800
2015-02-09,68.870003,69.910004,68.870003,69.470001,57.678089,1310500
2015-02-10,69.0,69.139999,68.099998,69.120003,57.387501,1106700
2015-02-11,67.269997,67.849998,66.980003,67.739998,57.017139,897400
2015-02-12,67.910004,68.830002,67.809998,68.400002,57.572666,920900
2015-02-13,68.639999,69.360001,68.629997,69.260002,58.296539,736600
2015-02-17,68.669998,69.699997,68.25,69.419998,58.43121,850800
2015-02-18,69.169998,69.690002,69.010002,69.379997,58.397541,559300
2015-02-19,68.0,68.360001,67.639999,67.959999,57.202324,914400
2015-02-20,67.620003,68.400002,67.589996,68.300003,57.488503,880600
2015-02-23,67.900002,68.269997,67.5,67.769997,57.042389,717100
2015-02-24,68.739998,68.769997,68.050003,68.629997,57.766262,1140800
2015-02-25,68.419998,69.029999,68.019997,68.93,58.01878,776000
2015-02-26,67.870003,67.970001,67.370003,67.709999,56.99189,1115700
2015-02-27,68.080002,68.690002,67.970001,68.150002,57.362244,700000
2015-03-02,67.059998,67.220001,66.239998,66.559998,56.02393,1171700
2015-03-03,66.190002,66.57,65.980003,66.309998,55.813499,960600
2015-03-04,65.919998,66.150002,65.25,65.970001,55.527325,821500
2015-03-05,65.709999,65.769997,65.370003,65.620003,55.232731,730000
2015-03-06,64.860001,65.019997,64.419998,64.480003,54.273182,816600
2015-03-09,64.709999,65.080002,64.480003,64.5,54.290012,848800
2015-03-10,63.060001,63.23,61.75,61.849998,52.059498,2296700
2015-03-11,61.549999,61.630001,60.860001,61.130001,51.453468,1676600
2015-03-12,62.700001,62.709999,61.299999,61.470001,51.739651,1095500
2015-03-13,59.950001,59.990002,59.330002,59.860001,50.384514,2867900
2015-03-16,60.220001,60.66,59.740002,60.529999,50.948441,2445600
2015-03-17,61.080002,61.639999,60.919998,61.439999,51.714397,1830300
2015-03-18,62.0,63.919998,61.619999,63.619999,53.549313,1786400
2015-03-19,63.240002,63.41,62.619999,63.07,53.086376,1330500
2015-03-20,64.32,65.129997,64.139999,64.669998,54.433105,1292000
2015-03-23,64.669998,66.449997,64.669998,65.980003,55.535744,2792200
2015-03-24,66.239998,66.239998,65.059998,65.099998,54.79504,1983800
2015-03-25,65.989998,66.330002,65.669998,65.720001,55.316906,982100
2015-03-26,65.459999,65.709999,64.389999,64.720001,54.475193,921600
2015-03-27,64.0,64.059998,63.310001,63.59,53.524063,1162900
2015-03-30,64.190002,64.510002,63.84,63.990002,53.860748,719100
2015-03-31,62.560001,63.080002,62.380001,62.700001,52.774948,1060800
2015-04-01,63.540001,63.880001,63.139999,63.439999,53.397812,963000
2015-04-02,63.549999,63.66,63.040001,63.540001,53.481983,717100
2015-04-06,63.939999,65.190002,63.900002,64.629997,54.399441,664700
2015-04-07,65.57,65.980003,65.279999,65.459999,55.098049,876600
2015-04-08,62.009998,62.52,60.279999,61.450001,51.722813,9422500
2015-04-09,59.52,60.529999,59.52,60.189999,50.662266,8734100
2015-04-10,60.049999,60.57,60.029999,60.400002,50.839031,2802400
2015-04-13,60.84,61.099998,60.599998,60.689999,51.083111,1763200
2015-04-14,62.119999,62.220001,61.779999,62.0,52.185753,1704900
2015-04-15,63.310001,63.84,62.790001,63.720001,53.633492,2107000
2015-04-16,64.349998,65.099998,63.869999,64.720001,54.475193,2302200
2015-04-17,63.700001,63.900002,63.419998,63.799999,53.700821,1520300
2015-04-20,64.199997,64.330002,63.689999,63.73,53.641911,1369200
2015-04-21,63.720001,63.91,63.240002,63.450001,53.406231,1952500
2015-04-22,63.73,63.73,63.209999,63.470001,53.423061,1987900
2015-04-23,63.759998,64.139999,63.68,63.740002,53.650326,1144600
2015-04-24,63.919998,63.970001,63.389999,63.669998,53.591404,893700
2015-04-27,64.010002,64.389999,63.82,63.889999,53.776573,915600
2015-04-28,64.080002,64.300003,63.75,64.059998,53.919662,1043800
2015-04-29,63.939999,64.610001,63.75,64.160004,54.003838,965400
2015-04-30,64.519997,64.839996,64.239998,64.589996,54.365768,1676400
2015-05-01,64.419998,64.470001,63.580002,64.470001,54.264767,964800
2015-05-04,64.900002,65.139999,64.620003,64.709999,54.466766,714700
2015-05-05,65.129997,65.620003,64.379997,64.410004,54.214268,1329500
2015-05-06,64.919998,65.169998,64.220001,64.370003,54.180595,1039200
2015-05-07,63.490002,63.59,62.669998,63.009998,53.035881,2988200
2015-05-08,64.889999,65.019997,64.040001,64.93,54.651955,1596900
2015-05-11,65.199997,65.360001,64.839996,64.989998,54.702454,1471100
2015-05-12,64.459999,65.029999,64.389999,64.790001,54.534115,973900
2015-05-13,64.419998,64.790001,64.209999,64.519997,55.106354,749900
2015-05-14,65.110001,65.209999,64.440002,64.550003,55.131985,1009000
2015-05-15,63.970001,64.419998,63.619999,64.25,54.875755,531500
2015-05-18,63.16,63.360001,62.959999,63.119999,53.910622,733300
2015-05-19,62.630001,62.650002,62.0,62.049999,52.996735,895300
2015-05-20,62.490002,62.650002,62.299999,62.459999,53.34692,636400
2015-05-21,63.200001,63.689999,63.110001,63.360001,54.115604,738700
2015-05-22,62.400002,62.490002,62.029999,62.23,53.150478,2367500
2015-05-26,60.939999,61.060001,60.150002,60.549999,51.715591,1898700
2015-05-27,60.490002,61.110001,60.450001,60.970001,52.074314,996300
2015-05-28,60.939999,61.200001,60.419998,61.18,52.253674,727900
2015-05-29,60.91,61.150002,60.330002,60.689999,51.835167,1320000
2015-06-01,59.93,59.990002,58.98,59.48,50.801701,2487700
2015-06-02,59.959999,60.490002,59.869999,60.060001,51.297077,1142900
2015-06-03,60.23,60.459999,59.830002,59.849998,51.117722,3684800
2015-06-04,59.360001,59.529999,58.810001,58.82,50.238003,2287500
2015-06-05,58.139999,59.169998,58.099998,58.91,50.314869,3677500
2015-06-08,58.740002,59.07,58.330002,58.34,49.828037,2003300
2015-06-09,58.369999,58.66,57.889999,58.419998,49.896362,1765100
2015-06-10,59.580002,60.110001,59.419998,59.75,51.032318,1129100
2015-06-11,59.950001,60.02,59.540001,59.869999,51.134804,623000
2015-06-12,58.900002,59.099998,58.43,58.849998,50.263622,1405100
2015-06-15,58.240002,59.029999,58.209999,58.709999,50.144051,719800
2015-06-16,58.43,59.18,58.380001,59.18,50.545479,661500
2015-06-17,59.200001,59.52,58.700001,59.290001,50.639431,800700
2015-06-18,59.57,59.990002,59.23,59.509998,50.827332,700900
2015-06-19,59.869999,60.080002,59.419998,59.490002,50.810253,593900
2015-06-22,60.25,60.400002,60.009998,60.040001,51.280003,781500
2015-06-23,59.5,59.990002,59.490002,59.830002,51.100643,865300
2015-06-24,60.400002,60.740002,60.099998,60.259998,51.467899,1117800
2015-06-25,60.650002,60.650002,59.889999,59.990002,51.237301,873700
2015-06-26,59.57,59.959999,59.439999,59.93,51.186047,715400
2015-06-29,58.310001,58.77,58.029999,58.060001,49.588894,1863200
2015-06-30,57.73,57.860001,56.849998,57.349998,48.982483,3703100
2015-07-01,57.52,57.540001,56.66,56.759998,48.478569,955700
2015-07-02,57.41,57.709999,57.259998,57.299999,48.939774,826400
2015-07-06,56.439999,56.650002,56.169998,56.389999,48.162548,1015600
2015-07-07,55.459999,56.150002,54.549999,56.0,47.829445,1689000
2015-07-08,56.09,56.150002,55.43,55.580002,47.470726,1191300
2015-07-09,56.52,56.599998,55.880001,56.209999,48.008816,1061400
2015-07-10,57.599998,57.77,57.099998,57.689999,49.272869,893700
2015-07-13,57.310001,57.490002,57.02,57.32,48.95686,979900
2015-07-14,57.459999,58.360001,57.34,58.330002,49.8195,777700
2015-07-15,57.869999,57.990002,57.470001,57.68,49.264332,494300
2015-07-16,57.810001,58.09,57.700001,57.720001,49.298492,694200
2015-07-17,57.860001,57.880001,57.259998,57.509998,49.119137,759000
2015-07-20,57.299999,57.509998,56.98,57.07,48.743332,784800
2015-07-21,57.380001,57.849998,57.25,57.34,48.973942,658800
2015-07-22,56.560001,56.799999,56.189999,56.41,48.17963,975000
2015-07-23,56.150002,56.330002,55.650002,55.98,47.812366,928600
2015-07-24,55.23,55.32,54.830002,54.93,46.915562,1231400
2015-07-27,55.0,55.099998,54.52,54.73,46.744747,1889600
2015-07-28,55.009998,55.459999,54.650002,55.200001,47.146172,1765900
2015-07-29,54.93,55.950001,54.889999,55.810001,47.667168,990800
2015-07-30,58.34,58.57,57.810001,58.139999,49.657215,1353200
2015-07-31,59.080002,59.080002,57.900002,58.150002,49.66576,1046000
2015-08-03,58.029999,58.099998,57.380001,57.529999,49.136215,1013500
2015-08-04,57.709999,57.939999,57.209999,57.450001,49.067894,924600
2015-08-05,58.59,58.91,58.060001,58.099998,49.623051,1058200
2015-08-06,58.330002,58.959999,57.93,58.860001,50.272167,1100100
2015-08-07,59.02,59.400002,58.759998,58.790001,50.212379,1390900
2015-08-10,58.25,59.200001,58.209999,59.200001,50.562561,1880000
2015-08-11,59.049999,59.52,58.599998,59.389999,50.724842,2661500
2015-08-12,58.150002,58.830002,57.740002,58.720001,50.959156,1896600
2015-08-13,58.07,58.07,57.009998,57.150002,49.596661,1146300
2015-08-14,56.759998,57.150002,56.66,56.91,49.388374,1239000
2015-08-17,56.68,56.84,56.32,56.540001,49.06728,724100
2015-08-18,55.959999,56.330002,55.950001,56.119999,48.702785,783100
2015-08-19,56.119999,56.119999,54.490002,54.799999,47.557247,1369300
2015-08-20,54.959999,55.380001,54.369999,54.400002,47.210125,1502000
2015-08-21,54.099998,54.18,52.529999,52.529999,45.587265,2290500
2015-08-24,49.900002,50.68,49.060001,49.860001,43.270161,4039100
2015-08-25,51.959999,51.959999,49.860001,49.860001,43.270161,1852500
2015-08-26,50.869999,50.900002,48.919998,49.720001,43.148659,4061400
2015-08-27,49.720001,52.060001,49.720001,51.959999,45.092602,4520600
2015-08-28,51.740002,53.0,51.66,52.619999,45.665371,2619400
2015-08-31,51.970001,52.970001,51.450001,52.93,45.934399,1992400
2015-09-01,51.029999,51.419998,50.099998,50.400002,43.738781,3540900
2015-09-02,51.290001,51.360001,49.91,51.169998,44.407017,2984900
2015-09-03,50.939999,51.650002,50.630001,50.790001,44.07724,2922600
2015-09-04,49.41,49.66,49.099998,49.389999,42.86227,2026700
2015-09-08,50.470001,50.68,50.02,50.66,43.96442,2255100
2015-09-09,51.450001,51.630001,50.0,50.110001,43.48711,2030900
2015-09-10,50.279999,50.91,49.689999,50.619999,43.929707,2069400
2015-09-11,50.25,50.310001,49.869999,50.259998,43.617283,1537900
2015-09-14,49.849998,50.150002,49.419998,49.849998,43.261478,1277400
2015-09-15,49.990002,50.639999,49.990002,50.259998,43.617283,1271000
2015-09-16,51.02,52.07,50.939999,51.919998,45.057888,2030200
2015-09-17,51.5,52.310001,51.310001,51.560001,44.745472,1789200
2015-09-18,50.27,50.5,49.57,49.73,43.157333,2064300
2015-09-21,49.619999,49.900002,49.439999,49.759998,43.183365,1818600
2015-09-22,48.16,48.400002,47.619999,47.900002,41.569202,5264900
2015-09-23,48.82,48.84,47.57,47.599998,41.308853,1847700
2015-09-24,47.560001,47.709999,46.959999,47.369999,41.109249,2026300
2015-09-25,47.639999,47.759998,47.189999,47.419998,41.152637,1738500
2015-09-28,46.799999,46.799999,45.919998,45.919998,39.850891,1675200
2015-09-29,46.959999,47.09,46.549999,46.73,40.553841,3634600
2015-09-30,47.040001,47.549999,46.970001,47.48,41.204712,3271900
2015-10-01,49.400002,49.560001,48.150002,48.439999,42.03783,1698300
2015-10-02,48.98,50.16,48.790001,50.16,43.530502,1713300
2015-10-05,51.23,52.200001,51.16,52.02,45.14468,1986700
2015-10-06,52.939999,54.080002,52.830002,53.990002,46.854305,2143500
2015-10-07,55.880001,56.209999,55.34,55.84,48.459793,2695100
2015-10-08,55.66,56.709999,55.619999,56.700001,49.206135,1608900
2015-10-09,56.439999,56.82,55.740002,55.889999,48.503189,1740200
2015-10-12,56.150002,56.150002,55.439999,55.68,48.320942,1010300
2015-10-13,53.98,55.169998,53.98,54.619999,47.401039,1255700
2015-10-14,55.450001,55.880001,55.169998,55.700001,48.338303,1069300
2015-10-15,55.68,56.799999,55.43,56.759998,49.258202,1788700
2015-10-16,56.970001,57.279999,56.32,57.220001,49.657402,1322500
2015-10-19,56.349998,56.43,55.450001,55.68,48.320942,825500
2015-10-20,55.099998,55.900002,54.93,55.77,48.399044,1391800
2015-10-21,56.299999,56.639999,55.740002,56.200001,48.772217,1325100
2015-10-22,55.639999,56.09,55.599998,55.970001,48.572617,1853300
2015-10-23,55.25,55.310001,54.540001,54.869999,47.617996,2029000
2015-10-26,54.720001,54.779999,53.689999,53.709999,46.611309,1144600
2015-10-27,52.57,53.060001,52.369999,52.810001,45.830261,1260100
2015-10-28,53.130001,54.189999,52.790001,53.349998,46.298889,1114900
2015-10-29,52.360001,53.009998,52.259998,52.669998,45.708763,1710200
2015-10-30,52.450001,53.130001,52.209999,52.689999,45.72612,2418400
2015-11-02,52.709999,53.869999,52.52,53.82,46.706772,1577000
2015-11-03,53.75,55.23,53.68,54.84,47.591957,1914900
2015-11-04,54.939999,55.099998,54.169998,54.57,47.357647,1384700
2015-11-05,52.93,53.279999,52.59,52.700001,45.734802,1925700
2015-11-06,51.889999,52.25,51.619999,52.18,45.283527,1146600
2015-11-09,52.310001,52.650002,51.75,52.02,45.14468,1504900
2015-11-10,50.369999,50.889999,50.330002,50.509998,44.640903,1354900
2015-11-11,50.73,50.799999,49.68,49.720001,43.942703,1159100
2015-11-12,49.130001,49.59,48.59,48.700001,43.041222,1235000
2015-11-13,48.439999,48.73,47.98,48.48,42.846783,1531500
2015-11-16,48.490002,49.650002,48.34,49.650002,43.880836,1334100
2015-11-17,50.049999,50.16,49.57,49.779999,43.995728,2910200
2015-11-18,50.529999,51.150002,50.490002,51.119999,45.180027,2888300
2015-11-19,51.389999,51.889999,51.27,51.529999,45.542385,1504000
2015-11-20,51.119999,51.330002,49.91,49.959999,44.154816,1565400
2015-11-23,49.939999,50.169998,49.369999,49.560001,43.801296,1322300
2015-11-24,49.740002,50.73,49.689999,50.599998,44.720448,1255100
2015-11-25,50.599998,50.84,50.139999,50.349998,44.499496,1033200
2015-11-27,50.580002,50.709999,50.389999,50.459999,44.596718,737000
2015-11-30,50.73,50.77,49.93,49.939999,44.137138,1912900
2015-12-01,50.220001,50.48,50.07,50.43,44.570202,1075200
2015-12-02,50.700001,51.200001,49.799999,49.91,44.110622,1561200
2015-12-03,50.59,50.639999,49.18,49.279999,43.553829,2158400
2015-12-04,49.16,49.189999,48.130001,48.77,43.103088,2400300
2015-12-07,46.959999,47.060001,46.189999,46.419998,41.02615,2443500
2015-12-08,45.57,46.529999,45.209999,45.919998,40.584248,2744500
2015-12-09,46.900002,47.990002,46.639999,47.09,41.618298,2409300
2015-12-10,46.57,47.389999,46.439999,46.450001,41.052662,2181800
2015-12-11,45.330002,45.43,44.73,44.75,39.550198,2939700
2015-12-14,44.41,44.610001,43.509998,44.380001,39.22319,2661200
2015-12-15,44.779999,45.259998,44.669998,44.810001,39.603226,2285600
2015-12-16,44.73,45.23,44.32,44.939999,39.718121,1949700
2015-12-17,44.389999,44.459999,43.619999,43.709999,38.631039,2703400
2015-12-18,44.439999,44.470001,43.709999,43.860001,38.763618,2209100
2015-12-21,44.029999,44.48,43.529999,43.689999,38.613361,2214700
2015-12-22,44.209999,44.759998,44.060001,44.720001,39.523682,3071700
2015-12-23,46.82,47.369999,46.560001,47.369999,41.865761,2690400
2015-12-24,47.119999,47.369999,46.560001,46.560001,41.149883,685300
2015-12-28,46.080002,46.310001,45.75,46.009998,40.663788,1701600
2015-12-29,46.82,47.119999,46.599998,46.939999,41.485729,1857500
2015-12-30,46.669998,46.869999,46.25,46.310001,40.928932,1383000
2015-12-31,45.939999,46.380001,45.869999,46.040001,40.690304,1179100
