2014-01-02,41.130001,41.130001,40.59,40.689999,34.172531,5512000
2014-01-03,40.669998,40.759998,40.27,40.470001,33.987774,4198400
2014-01-06,40.549999,40.689999,40.279999,40.400002,33.928982,4527000
2014-01-07,40.48,40.779999,40.419998,40.759998,34.231316,4705500
2014-01-08,40.720001,40.779999,40.299999,40.400002,33.928982,4268100
2014-01-09,40.5,40.639999,40.290001,40.619999,34.113743,3898700
2014-01-10,40.790001,41.689999,40.650002,41.389999,34.760406,6171100
2014-01-13,41.360001,41.48,41.18,41.27,34.659634,4845200
2014-01-14,41.32,41.43,41.07,41.099998,34.516861,5058200
2014-01-15,41.119999,41.220001,40.959999,41.080002,34.500069,3802800
2014-01-16,41.080002,41.25,40.93,41.240002,34.634438,3272700
2014-01-17,41.259998,41.369999,41.09,41.16,34.567245,3314000
2014-01-21,41.349998,41.68,41.330002,41.650002,34.978764,3514600
2014-01-22,41.619999,41.799999,41.540001,41.599998,34.936764,2759900
2014-01-23,41.459999,41.560001,41.27,41.43,34.79401,4225600
2014-01-24,41.34,41.82,41.169998,41.220001,34.617645,6492000
2014-01-27,41.25,41.48,41.099998,41.25,34.642838,6050700
2014-01-28,41.299999,41.41,41.049999,41.25,34.642838,5490400
2014-01-29,41.48,41.869999,40.5,40.889999,34.340504,11948600
2014-01-30,40.360001,40.919998,40.299999,40.889999,34.771633,5007500
2014-01-31,40.77,41.380001,40.549999,41.240002,35.069263,7338400
2014-02-03,41.279999,41.959999,41.110001,41.25,35.077766,8760600
2014-02-04,41.380001,41.380001,40.790001,41.0,34.865173,5192400
2014-02-05,40.900002,41.049999,40.759998,40.82,34.712109,3811600
2014-02-06,40.830002,41.060001,40.700001,40.91,34.788643,3104000
2014-02-07,41.049999,41.299999,40.950001,41.099998,34.950211,4295400
2014-02-10,41.0,41.43,40.889999,41.279999,35.103275,2840900
2014-02-11,41.279999,41.77,41.27,41.689999,35.451935,3454500
2014-02-12,41.650002,41.75,41.450001,41.610001,35.383904,2473400
2014-02-13,41.529999,42.310001,41.5,42.23,35.911137,4588900
2014-02-14,42.130001,42.549999,42.049999,42.52,36.157745,3178100
2014-02-18,42.490002,42.720001,42.439999,42.540001,36.174751,3396200
2014-02-19,42.43,42.700001,42.099998,42.169998,35.860107,2898600
2014-02-20,42.240002,42.580002,42.060001,42.400002,36.055698,2924000
2014-02-21,42.43,42.740002,42.299999,42.349998,36.013176,3286500
2014-02-24,42.380001,42.700001,42.099998,42.119999,35.817593,3582100
2014-02-25,42.130001,42.5,42.029999,42.169998,35.860107,3228000
2014-02-26,42.290001,42.310001,41.990002,42.0,35.715549,2756300
2014-02-27,41.98,42.130001,41.669998,42.009998,35.724045,3688700
2014-02-28,42.040001,42.41,41.919998,42.349998,36.013176,4809800
2014-03-03,42.220001,42.5,42.029999,42.049999,35.758068,3504700
2014-03-04,42.32,42.439999,42.169998,42.330002,35.99617,4069500
2014-03-05,42.34,42.509998,42.16,42.220001,35.90263,3430000
2014-03-06,42.41,42.48,41.860001,42.040001,35.749561,3666800
2014-03-07,41.91,42.130001,41.59,42.099998,35.800583,3858400
2014-03-10,42.09,42.330002,41.91,42.16,35.851608,3896500
2014-03-11,42.240002,42.279999,41.900002,42.049999,35.758068,2748900
2014-03-12,42.0,42.639999,41.990002,42.630001,36.251286,3777900
2014-03-13,42.700001,43.290001,42.630001,43.16,36.701973,5031600
2014-03-14,43.119999,43.650002,43.009998,43.490002,36.982597,5978900
2014-03-17,43.549999,43.700001,43.349998,43.52,37.008102,3866100
2014-03-18,43.580002,43.650002,43.349998,43.450001,36.948589,2893000
2014-03-19,43.439999,43.549999,42.540001,42.790001,36.387341,5773700
2014-03-20,42.66,42.790001,42.189999,42.790001,36.387341,4829300
2014-03-21,42.900002,43.279999,42.810001,42.919998,36.497879,7029000
2014-03-24,42.959999,43.240002,42.950001,43.18,36.718983,2943100
2014-03-25,43.25,43.5,42.98,43.43,36.931576,3120700
2014-03-26,43.470001,43.549999,43.150002,43.150002,36.693478,4589100
2014-03-27,43.049999,43.439999,42.950001,43.400002,36.906067,6178600
2014-03-28,43.400002,43.450001,43.169998,43.369999,36.880558,3255800
2014-03-31,43.549999,44.0,43.5,43.939999,37.365269,4632600
2014-04-01,43.880001,43.91,43.470001,43.5,36.9911,3817500
2014-04-02,43.52,43.57,43.18,43.290001,36.812527,4237000
2014-04-03,43.380001,43.52,43.200001,43.310001,36.829533,3690600
2014-04-04,43.490002,44.09,43.400002,43.700001,37.161179,5012900
2014-04-07,43.66,44.34,43.560001,44.209999,37.59486,6346000
2014-04-08,44.169998,44.73,43.830002,44.709999,38.02005,5820300
2014-04-09,44.66,44.66,43.919998,44.369999,37.730927,4493200
2014-04-10,44.389999,44.75,44.189999,44.299999,37.671398,3987700
2014-04-11,44.299999,44.740002,44.27,44.57,37.900993,4596000
2014-04-14,44.689999,44.82,44.459999,44.650002,37.969028,3606800
2014-04-15,44.720001,45.560001,44.720001,45.25,38.479248,7221400
2014-04-16,45.360001,45.830002,45.290001,45.82,38.963959,4996200
2014-04-17,45.369999,45.700001,45.02,45.119999,38.368698,4943500
2014-04-21,45.16,45.43,44.84,45.16,38.402718,3821600
2014-04-22,45.25,45.400002,45.029999,45.34,38.555786,4150900
2014-04-23,45.439999,45.610001,45.16,45.220001,38.453743,3459200
2014-04-24,45.150002,45.700001,44.970001,45.68,38.844906,4305000
2014-04-25,45.689999,46.32,45.689999,46.259998,39.338131,5437800
2014-04-28,46.27,46.700001,46.240002,46.68,39.695278,8447700
2014-04-29,46.619999,46.810001,46.259998,46.360001,39.423157,6164100
2014-04-30,46.5,46.790001,45.650002,45.830002,38.972466,8737900
2014-05-01,45.099998,45.450001,44.869999,45.220001,38.899342,5998000
2014-05-02,45.009998,45.150002,44.049999,44.18,38.004711,7540300
2014-05-05,44.16,44.509998,44.060001,44.490002,38.271381,4846400
2014-05-06,44.43,44.580002,44.290001,44.349998,38.150951,2900400
2014-05-07,44.41,45.0,44.400002,44.860001,38.589664,5183000
2014-05-08,44.889999,44.919998,44.150002,44.200001,38.021915,5380000
2014-05-09,44.150002,44.470001,43.650002,43.669998,37.565998,6577700
2014-05-12,43.77,43.82,43.200001,43.259998,37.213303,4941400
2014-05-13,43.419998,43.669998,43.080002,43.310001,37.256317,4464000
2014-05-14,43.360001,44.0,43.32,43.73,37.617611,4692000
2014-05-15,43.650002,44.040001,43.43,43.439999,37.368141,4268200
2014-05-16,43.349998,43.66,43.27,43.509998,37.42836,4053300
2014-05-19,43.459999,43.5,42.810001,42.82,36.834805,4717700
2014-05-20,42.889999,43.150002,42.549999,42.77,36.791798,3484700
2014-05-21,42.880001,42.93,42.639999,42.84,36.852009,2638000
2014-05-22,42.959999,43.279999,42.919998,43.189999,37.153088,3298600
2014-05-23,43.18,43.360001,43.029999,43.080002,37.058468,2705100
2014-05-27,43.240002,43.34,42.990002,43.16,37.127285,4120800
2014-05-28,43.23,43.48,43.200001,43.450001,37.376743,3266900
2014-05-29,43.450001,43.549999,43.189999,43.540001,37.45417,2995400
2014-05-30,43.400002,43.799999,43.330002,43.779999,37.660622,3930500
2014-06-02,43.709999,43.849998,43.52,43.669998,37.565998,2622100
2014-06-03,43.700001,43.849998,43.490002,43.669998,37.565998,2926600
2014-06-04,43.650002,43.790001,43.5,43.73,37.617611,3395500
2014-06-05,43.639999,44.279999,43.619999,44.119999,37.953098,3500300
2014-06-06,44.240002,44.459999,43.810001,43.889999,37.755245,3725900
2014-06-09,43.759998,43.880001,43.41,43.639999,37.540192,4138200
2014-06-10,43.470001,43.790001,43.450001,43.610001,37.514385,4161000
2014-06-11,43.580002,43.610001,43.09,43.09,37.06707,3944100
2014-06-12,43.119999,43.610001,42.779999,43.48,37.402554,4648700
2014-06-13,43.450001,43.709999,43.240002,43.529999,37.445568,2983800
2014-06-16,43.52,44.220001,43.450001,43.700001,37.591812,5251000
2014-06-17,43.549999,43.720001,43.330002,43.43,37.359539,5127800
2014-06-18,43.5,44.549999,43.419998,44.529999,38.30579,6044000
2014-06-19,44.560001,44.970001,44.509998,44.720001,38.469242,7358800
2014-06-20,44.84,44.849998,44.240002,44.25,38.064922,8205200
2014-06-23,44.130001,44.400002,44.029999,44.220001,38.03912,5372500
2014-06-24,44.68,44.689999,44.130001,44.189999,38.013309,6902100
2014-06-25,44.220001,44.75,44.220001,44.669998,38.426216,4393500
2014-06-26,44.689999,44.82,44.470001,44.810001,38.546658,3337500
2014-06-27,44.650002,45.209999,44.580002,45.060001,38.761711,3863100
2014-06-30,45.18,45.580002,45.09,45.380001,39.03698,4446700
2014-07-01,45.369999,45.369999,44.959999,45.080002,38.778919,3594500
2014-07-02,45.040001,45.040001,44.119999,44.259998,38.073528,6467300
2014-07-03,44.07,44.07,43.669998,44.009998,37.858475,4023100
2014-07-07,43.919998,44.299999,43.919998,44.209999,38.030518,4135500
2014-07-08,44.25,44.790001,44.25,44.540001,38.314396,4718200
2014-07-09,44.68,44.68,44.18,44.459999,38.245564,3720300
2014-07-10,44.48,44.91,44.389999,44.639999,38.400406,5181800
2014-07-11,44.630001,44.900002,44.380001,44.529999,38.30579,4019100
2014-07-14,44.52,44.66,44.150002,44.18,38.004711,3831100
2014-07-15,44.18,44.5,44.150002,44.470001,38.254177,3744700
2014-07-16,44.599998,44.779999,44.310001,44.77,38.512245,3802100
2014-07-17,44.599998,44.849998,44.509998,44.549999,38.322998,4331300
2014-07-18,44.709999,44.950001,44.400002,44.889999,38.615479,3263600
2014-07-21,44.889999,45.049999,44.68,44.91,38.632675,2977000
2014-07-22,45.029999,45.119999,44.860001,44.91,38.632675,2808200
2014-07-23,45.09,45.09,44.790001,44.810001,38.546658,3476000
2014-07-24,44.91,44.91,44.540001,44.779999,38.520851,3955400
2014-07-25,44.869999,44.990002,44.599998,44.740002,38.486439,7059000
2014-07-28,44.619999,45.43,44.619999,45.360001,39.019775,5568900
2014-07-29,45.470001,45.470001,44.669998,44.860001,38.589664,5499600
2014-07-30,45.0,45.0,44.009998,44.380001,38.176758,6945200
2014-07-31,43.889999,43.889999,43.220001,43.290001,37.684917,5675300
2014-08-01,43.34,43.830002,43.25,43.32,37.711021,4193700
2014-08-04,43.380001,43.41,42.349998,43.099998,37.519512,6639300
2014-08-05,42.939999,43.200001,42.450001,42.599998,37.084255,4339700
2014-08-06,42.43,42.43,41.869999,42.169998,36.709927,10041500
2014-08-07,42.349998,42.869999,42.259998,42.619999,37.10165,4409500
2014-08-08,42.709999,43.540001,42.700001,43.529999,37.893837,4982400
2014-08-11,43.529999,43.599998,43.040001,43.060001,37.484699,4739800
2014-08-12,43.049999,43.380001,43.0,43.220001,37.62397,3515000
2014-08-13,42.849998,43.279999,42.669998,43.07,37.493397,5265700
2014-08-14,43.150002,43.470001,43.110001,43.43,37.806786,3162300
2014-08-15,43.43,43.82,43.279999,43.419998,37.798077,4392400
2014-08-18,43.529999,43.720001,43.279999,43.380001,37.763256,2979800
2014-08-19,43.549999,43.810001,43.349998,43.799999,38.128876,2720600
2014-08-20,43.57,43.84,43.549999,43.810001,38.137585,2639700
2014-08-21,43.889999,44.139999,43.799999,43.889999,38.207226,3109600
2014-08-22,43.82,44.040001,43.5,43.68,38.024418,2823900
2014-08-25,43.799999,44.02,43.720001,43.900002,38.215923,2091500
2014-08-26,43.990002,44.080002,43.5,43.540001,37.902542,2242600
2014-08-27,43.540001,43.84,43.540001,43.830002,38.154995,2384400
2014-08-28,43.689999,44.27,43.689999,44.23,38.503197,2949900
2014-08-29,44.18,44.400002,44.060001,44.400002,38.651196,2615100
2014-09-02,44.32,44.439999,43.610001,43.799999,38.128876,3755100
2014-09-03,43.939999,44.259998,43.939999,44.18,38.459679,2807400
2014-09-04,44.07,44.220001,43.779999,44.16,38.442265,3249800
2014-09-05,44.32,44.790001,44.259998,44.790001,38.990692,6021000
2014-09-08,44.709999,44.82,44.349998,44.560001,38.790474,3189100
2014-09-09,44.419998,44.5,43.900002,43.970001,38.276871,6825800
2014-09-10,43.900002,43.990002,43.599998,43.759998,38.094051,2939700
2014-09-11,43.810001,44.099998,43.619999,44.060001,38.355217,2844600
2014-09-12,43.849998,43.889999,43.25,43.360001,37.745846,4234500
2014-09-15,43.419998,43.68,43.220001,43.369999,37.754559,3919700
2014-09-16,43.400002,44.09,43.400002,43.93,38.242046,4118800
2014-09-17,43.75,44.07,43.330002,43.57,37.928654,4115300
2014-09-18,43.529999,43.73,43.040001,43.279999,37.676205,4775700
2014-09-19,43.360001,43.77,43.349998,43.689999,38.033123,5639100
2014-09-22,43.619999,43.84,43.41,43.470001,37.84161,5335600
2014-09-23,43.470001,43.599998,43.32,43.400002,37.78067,3316400
2014-09-24,43.43,43.59,43.27,43.450001,37.8242,3662200
2014-09-25,43.400002,43.669998,43.330002,43.330002,37.71973,4323400
2014-09-26,43.32,43.599998,43.07,43.450001,37.8242,3378300
2014-09-29,43.330002,43.669998,43.099998,43.630001,37.980896,3374100
2014-09-30,43.669998,44.009998,43.48,43.650002,37.998295,4050500
2014-10-01,43.799999,44.279999,43.709999,44.09,38.381332,5901500
2014-10-02,43.98,44.439999,43.98,44.130001,38.416157,6439700
2014-10-03,44.200001,44.25,43.549999,44.139999,38.424858,5366900
2014-10-06,44.299999,44.369999,43.919998,44.07,38.363918,3494800
2014-10-07,43.98,44.580002,43.939999,44.139999,38.424858,4618100
2014-10-08,44.169998,45.099998,44.16,45.040001,39.208328,5802800
2014-10-09,45.0,45.41,44.790001,44.830002,39.02552,10329900
2014-10-10,45.040001,45.400002,44.950001,45.110001,39.26926,6564800
2014-10-13,45.0,46.490002,44.98,45.849998,39.913448,10676800
2014-10-14,46.139999,47.310001,46.009998,46.900002,40.827496,11546100
2014-10-15,46.759998,47.68,45.82,46.849998,40.783978,11743000
2014-10-16,46.369999,46.700001,45.900002,46.369999,40.366119,9931500
2014-10-17,46.490002,46.540001,45.52,46.220001,40.235546,8993400
2014-10-20,46.25,46.91,46.220001,46.779999,40.72303,5548600
2014-10-21,46.869999,47.0,46.580002,46.93,40.853615,5173300
2014-10-22,46.880001,47.389999,46.849998,47.189999,41.079952,5346000
2014-10-23,47.150002,47.439999,46.919998,47.209999,41.097359,4837400
2014-10-24,47.209999,47.5,47.139999,47.41,41.271469,3322900
2014-10-27,47.459999,47.689999,47.209999,47.380001,41.24535,4309600
2014-10-28,47.48,47.59,46.66,47.369999,41.236645,8737400
2014-10-29,46.75,47.220001,45.939999,46.419998,40.409649,9906100
2014-10-30,46.200001,46.509998,45.970001,46.450001,40.898319,13175400
2014-10-31,46.630001,46.689999,45.860001,46.360001,40.819073,7530200
2014-11-03,46.419998,46.91,46.369999,46.77,41.180069,6521700
2014-11-04,46.59,47.130001,46.52,46.939999,41.32975,5769900
2014-11-05,46.84,47.970001,46.84,47.959999,42.22784,9145600
2014-11-06,47.73,47.849998,46.830002,47.009998,41.391376,8836900
2014-11-07,47.060001,47.360001,46.889999,47.130001,41.49704,5179500
2014-11-10,47.23,47.709999,47.049999,47.59,41.902061,7325000
2014-11-11,47.59,47.740002,47.349998,47.580002,41.893261,3751600
2014-11-12,47.110001,47.32,46.790001,47.099998,41.470623,7148500
2014-11-13,47.200001,47.439999,46.740002,46.939999,41.32975,6020400
2014-11-14,46.84,46.93,46.459999,46.639999,41.065598,4937500
2014-11-17,46.779999,47.200001,46.560001,47.080002,41.453018,4181700
2014-11-18,47.299999,47.490002,46.98,47.25,41.602707,3837000
2014-11-19,47.099998,47.369999,46.93,47.27,41.620312,3807200
2014-11-20,47.209999,47.389999,46.900002,47.110001,41.479431,3242200
2014-11-21,47.32,47.369999,46.830002,47.25,41.602707,4304300
2014-11-24,47.299999,47.360001,46.619999,46.709999,41.127239,3938100
2014-11-25,46.75,46.75,46.299999,46.470001,40.91592,5812000
2014-11-26,46.5,46.959999,46.5,46.82,41.224094,3554200
2014-11-28,46.970001,47.650002,46.970001,47.43,41.761185,3030200
2014-12-01,47.150002,48.310001,47.07,47.689999,41.990105,8389600
2014-12-02,47.799999,48.169998,47.419998,47.91,42.183815,6949800
2014-12-03,48.060001,48.139999,47.720001,47.900002,42.175014,4661000
2014-12-04,47.900002,48.130001,47.650002,47.91,42.183815,2910000
2014-12-05,47.439999,47.700001,47.220001,47.540001,41.858044,4755900
2014-12-08,47.560001,48.220001,47.560001,48.049999,42.307076,4903800
2014-12-09,48.16,48.360001,47.810001,48.139999,42.386322,3999600
2014-12-10,47.970001,48.43,47.889999,47.919998,42.192623,4163300
2014-12-11,47.900002,48.650002,47.900002,48.400002,42.615253,4558800
2014-12-12,48.099998,48.700001,47.91,47.919998,42.192623,3724600
2014-12-15,48.049999,48.23,47.5,47.849998,42.130989,4515900
2014-12-16,47.91,48.389999,47.459999,47.759998,42.051743,5401000
2014-12-17,47.970001,48.349998,47.77,48.299999,42.527203,4442200
2014-12-18,48.32,49.0,48.099998,49.0,43.143539,4911800
2014-12-19,48.939999,49.32,48.759998,49.02,43.161148,8100200
2014-12-22,49.34,49.490002,48.880001,49.360001,43.460518,3999700
2014-12-23,49.299999,49.470001,49.119999,49.169998,43.293221,3171600
2014-12-24,49.169998,50.130001,49.169998,49.91,43.944782,3812600
2014-12-26,50.0,50.869999,49.959999,50.470001,44.437847,5746300
2014-12-29,50.419998,51.279999,50.419998,50.880001,44.79884,6266500
2014-12-30,50.82,50.82,49.75,49.77,43.821507,4130100
2014-12-31,49.950001,50.099998,49.049999,49.110001,43.240391,4963300
2015-01-02,49.189999,49.439999,48.84,49.369999,43.469322,4645300
2015-01-05,49.380001,49.490002,48.91,49.16,43.284416,7028700
2015-01-06,49.200001,50.18,49.18,49.75,43.803902,9358300
2015-01-07,49.790001,50.439999,49.599998,50.299999,44.288166,4917000
2015-01-08,50.41,50.689999,50.220001,50.34,44.323383,4532500
2015-01-09,50.32,50.360001,49.630001,49.700001,43.759876,4121000
2015-01-12,49.950001,50.0,49.439999,49.709999,43.768677,4086100
2015-01-13,50.009998,50.5,49.52,49.68,43.742268,5422100
2015-01-14,49.700001,50.200001,49.439999,50.189999,44.191307,6205300
2015-01-15,50.41,50.880001,50.119999,50.799999,44.728397,5685100
2015-01-16,50.68,51.389999,50.619999,51.349998,45.212666,5718600
2015-01-20,51.400002,51.68,51.169998,51.66,45.485619,4081400
2015-01-21,51.470001,52.09,51.189999,52.009998,45.793785,5409200
2015-01-22,52.0,52.259998,51.650002,52.130001,45.899441,4674500
2015-01-23,52.130001,52.470001,52.0,52.23,45.987492,4190200
2015-01-26,52.060001,52.27,51.68,52.23,45.987492,4231600
2015-01-27,52.110001,52.709999,52.110001,52.419998,46.154781,3566800
2015-01-28,52.419998,53.16,52.060001,52.169998,45.934654,5202800
2015-01-29,52.040001,52.91,51.900002,52.790001,46.480556,4455000
2015-01-30,52.299999,52.490002,50.639999,50.720001,44.657967,12554600
2015-02-02,50.650002,50.93,50.119999,50.779999,44.710793,7073200
2015-02-03,50.77,50.950001,50.360001,50.799999,44.728397,8289200
2015-02-04,50.959999,51.139999,49.32,49.459999,43.548561,10485600
2015-02-05,49.57,49.880001,49.049999,49.709999,43.768677,6201900
2015-02-06,49.43,49.439999,47.869999,48.169998,42.412735,8955000
2015-02-09,48.209999,48.330002,47.639999,47.790001,42.078156,6633900
2015-02-10,47.720001,48.799999,47.720001,48.68,42.861786,5821800
2015-02-11,48.419998,48.669998,47.66,47.950001,42.21904,7656800
2015-02-12,47.599998,47.630001,46.290001,46.560001,41.448986,11259900
2015-02-13,46.43,46.540001,45.540001,45.880001,40.843636,8657600
2015-02-17,45.689999,46.139999,45.220001,45.540001,40.540955,8987100
2015-02-18,45.880001,46.970001,45.689999,46.84,41.69825,7461300
2015-02-19,46.799999,46.869999,46.009998,46.189999,41.119602,4223000
2015-02-20,46.110001,46.220001,45.599998,46.139999,41.0751,4090200
2015-02-23,46.279999,46.540001,46.130001,46.470001,41.36887,5160200
2015-02-24,46.459999,47.009998,46.259998,46.889999,41.742767,5445200
2015-02-25,47.02,47.049999,45.860001,45.919998,40.879242,5992500
2015-02-26,46.029999,46.150002,45.68,45.759998,40.736805,3778200
2015-02-27,45.759998,45.939999,45.52,45.790001,40.763512,4178000
2015-03-02,45.799999,45.799999,44.650002,44.869999,39.944504,7013000
2015-03-03,45.09,45.189999,44.560001,45.150002,40.193771,5061400
2015-03-04,45.049999,45.049999,44.610001,44.830002,39.90889,3828800
2015-03-05,44.959999,45.23,44.82,45.02,40.078033,5425400
2015-03-06,44.52,44.560001,43.880001,44.09,39.250126,11523800
2015-03-09,44.110001,44.43,43.970001,44.009998,39.178905,6110200
2015-03-10,43.98,44.560001,43.790001,43.93,39.107693,8559300
2015-03-11,43.91,44.209999,43.549999,43.720001,38.920742,4848600
2015-03-12,43.860001,44.57,43.82,44.459999,39.579506,6403700
2015-03-13,44.400002,44.450001,43.75,43.950001,39.125504,5691800
2015-03-16,44.119999,44.919998,44.119999,44.630001,39.730846,4384300
2015-03-17,44.48,44.77,44.27,44.32,39.45488,3484900
2015-03-18,44.32,45.490002,44.130001,45.139999,40.184872,7083000
2015-03-19,45.009998,45.419998,44.59,44.66,39.757561,4986900
2015-03-20,44.709999,45.18,44.650002,44.970001,40.033531,7186400
2015-03-23,45.040001,45.360001,45.02,45.169998,40.211567,3767300
2015-03-24,45.07,45.330002,44.439999,44.52,39.632923,4293100
2015-03-25,44.66,44.860001,44.02,44.029999,39.196712,4067000
2015-03-26,44.040001,44.32,43.700001,43.759998,38.956352,5948400
2015-03-27,43.75,44.369999,43.75,44.009998,39.178905,5766300
2015-03-30,44.240002,44.52,44.07,44.330002,39.463783,4078100
2015-03-31,44.27,44.48,43.970001,44.279999,39.41927,5798100
2015-04-01,44.349998,44.700001,43.900002,44.619999,39.721943,5318100
2015-04-02,44.52,44.799999,44.450001,44.639999,39.739758,3347900
2015-04-06,44.799999,45.439999,44.77,44.919998,39.989017,5505900
2015-04-07,44.959999,45.0,44.200001,44.259998,39.401459,5035800
2015-04-08,44.279999,44.389999,43.900002,44.34,39.472679,6025800
2015-04-09,44.189999,44.490002,43.849998,44.470001,39.588413,6419800
2015-04-10,44.5,44.860001,44.330002,44.619999,39.721943,3615700
2015-04-13,44.48,44.639999,44.119999,44.200001,39.348049,3258700
2015-04-14,44.27,44.470001,44.119999,44.349998,39.481583,3473800
2015-04-15,44.34,44.75,44.119999,44.200001,39.348049,3878000
2015-04-16,44.200001,44.299999,43.799999,44.110001,39.267933,3797600
2015-04-17,44.02,44.41,43.970001,44.110001,39.267933,4251200
2015-04-20,44.25,45.060001,44.119999,44.759998,39.846581,4797500
2015-04-21,44.810001,45.119999,44.310001,44.419998,39.543903,4762700
2015-04-22,44.59,44.759998,44.279999,44.48,39.597317,4343700
2015-04-23,44.470001,44.900002,44.450001,44.689999,39.78426,4055900
2015-04-24,44.689999,45.23,44.630001,44.869999,39.944504,3485600
2015-04-27,44.98,45.049999,44.27,44.32,39.45488,4099900
2015-04-28,44.330002,44.669998,44.080002,44.66,39.757561,4540700
2015-04-29,44.220001,44.77,43.959999,44.650002,39.748653,5460000
2015-04-30,44.57,44.57,43.98,44.299999,39.437073,8463100
2015-05-01,44.240002,44.869999,44.240002,44.82,39.899994,5969400
2015-05-04,44.900002,45.330002,44.669998,44.98,40.042431,4957700
2015-05-05,44.810001,44.900002,44.139999,44.27,39.410366,7076600
2015-05-06,44.330002,44.5,43.77,44.080002,39.241222,6705400
2015-05-07,44.220001,44.560001,44.060001,44.23,39.37476,5118500
2015-05-08,44.639999,44.720001,43.759998,44.150002,39.303543,8423800
2015-05-11,44.150002,44.290001,43.509998,43.59,38.805012,8343600
2015-05-12,43.5,43.540001,43.110001,43.470001,38.698181,7320700
2015-05-13,43.630001,43.740002,43.27,43.380001,38.618065,6066400
2015-05-14,42.950001,43.400002,42.950001,43.18,38.92728,4831600
2015-05-15,43.279999,43.830002,43.209999,43.720001,39.414097,5156300
2015-05-18,43.52,43.82,43.419998,43.650002,39.350998,3484500
2015-05-19,43.41,43.73,43.349998,43.669998,39.369022,3759700
2015-05-20,43.66,44.0,43.619999,43.669998,39.369022,4028000
2015-05-21,43.66,43.709999,43.220001,43.380001,39.107586,4894500
2015-05-22,43.299999,43.330002,42.889999,43.23,38.972366,4890400
2015-05-26,43.119999,43.349998,42.73,43.299999,39.035469,6725900
2015-05-27,43.299999,43.939999,43.18,43.73,39.423119,6778900
2015-05-28,43.700001,43.77,43.32,43.509998,39.224789,4283400
2015-05-29,43.509998,43.889999,43.369999,43.689999,39.387051,6216400
2015-06-01,43.77,43.919998,43.5,43.669998,39.369022,4620300
2015-06-02,43.580002,43.68,43.009998,43.279999,39.017433,6006700
2015-06-03,43.310001,43.349998,42.75,43.119999,38.873188,7415300
2015-06-04,42.91,43.459999,42.869999,43.18,38.92728,7610500
2015-06-05,42.810001,42.900002,42.509998,42.66,38.458496,7291400
2015-06-08,42.959999,42.959999,42.330002,42.599998,38.404408,6370600
2015-06-09,42.459999,42.700001,42.400002,42.439999,38.260162,4216800
2015-06-10,42.759998,42.830002,42.299999,42.34,38.17001,4067500
2015-06-11,42.59,42.740002,42.419998,42.59,38.395393,3042600
2015-06-12,42.439999,42.619999,42.259998,42.299999,38.133953,3041000
2015-06-15,42.279999,42.310001,42.049999,42.09,37.944633,3669800
2015-06-16,42.130001,42.52,41.970001,42.48,38.296215,4178600
2015-06-17,42.450001,42.77,42.169998,42.689999,38.485542,4189100
2015-06-18,42.900002,43.470001,42.77,43.32,39.053493,5020900
2015-06-19,43.32,43.389999,42.709999,42.73,38.521599,5783000
2015-06-22,42.77,42.900002,42.43,42.509998,38.323269,3869900
2015-06-23,42.509998,42.52,41.919998,42.049999,37.908573,5017600
2015-06-24,42.040001,42.169998,41.689999,41.700001,37.593044,4542400
2015-06-25,41.849998,41.900002,41.57,41.610001,37.511913,4179300
2015-06-26,41.599998,41.959999,41.400002,41.889999,37.764336,4040400
2015-06-29,41.91,42.57,41.889999,41.959999,37.827442,6503300
2015-06-30,42.099998,42.150002,41.740002,41.900002,37.77335,5100000
2015-07-01,42.009998,42.189999,41.84,42.18,38.02578,4675600
2015-07-02,42.450001,42.950001,42.419998,42.889999,38.665844,4937400
2015-07-06,42.93,43.299999,42.799999,43.119999,38.873188,4995400
2015-07-07,43.349998,44.470001,43.299999,44.259998,39.900913,11156100
2015-07-08,44.080002,44.59,44.049999,44.200001,39.846828,6661200
2015-07-09,44.18,44.299999,43.150002,43.27,39.008419,6752200
2015-07-10,43.299999,43.66,43.150002,43.360001,39.089554,6654000
2015-07-13,43.52,43.720001,43.18,43.400002,39.125614,3302300
2015-07-14,43.5,43.630001,43.040001,43.209999,38.954327,3663900
2015-07-15,43.23,43.380001,43.009998,43.369999,39.098572,2934700
2015-07-16,43.400002,44.0,43.400002,43.98,39.648491,4513200
2015-07-17,43.779999,43.830002,43.5,43.509998,39.224789,5229000
2015-07-20,43.470001,43.48,43.060001,43.32,39.053493,3589300
2015-07-21,43.279999,43.299999,42.900002,43.209999,38.954327,4799300
2015-07-22,43.240002,43.560001,43.18,43.25,38.990387,3232800
2015-07-23,43.18,43.18,42.450001,42.98,38.746979,5249800
2015-07-24,42.959999,43.049999,42.66,42.880001,38.656837,4456700
2015-07-27,43.009998,43.610001,42.939999,43.439999,39.161671,3547600
2015-07-28,43.400002,43.669998,43.27,43.540001,39.251827,4650200
2015-07-29,43.400002,43.610001,43.009998,43.57,39.278877,5008800
2015-07-30,43.459999,44.450001,43.450001,44.380001,40.009098,6162100
2015-07-31,44.740002,45.099998,44.639999,44.73,40.324627,4886400
2015-08-03,44.75,45.09,44.700001,44.959999,40.531967,4255600
2015-08-04,44.869999,44.869999,44.330002,44.419998,40.045151,3284700
2015-08-05,44.790001,44.84,44.490002,44.610001,40.216446,3413500
2015-08-06,44.700001,45.099998,44.389999,45.060001,40.622128,5458200
2015-08-07,44.98,45.689999,44.810001,45.529999,41.045834,5697400
2015-08-10,45.529999,45.869999,45.330002,45.459999,40.982731,4345100
2015-08-11,45.599998,46.299999,45.41,45.91,41.388412,4382600
2015-08-12,45.75,46.700001,45.75,46.57,41.983402,7594900
2015-08-13,45.790001,46.32,45.68,46.16,42.104725,5564300
2015-08-14,45.970001,46.34,45.82,46.330002,42.259792,4561200
2015-08-17,46.5,46.5,46.169998,46.299999,42.232422,4835200
2015-08-18,46.130001,46.209999,45.950001,46.07,42.022633,3917800
2015-08-19,45.93,46.419998,45.720001,46.310001,42.241547,4719400
2015-08-20,46.060001,46.84,45.880001,46.360001,42.287151,5842100
2015-08-21,46.080002,46.43,45.759998,45.799999,41.776352,6848600
2015-08-24,44.029999,45.470001,43.369999,43.580002,39.751385,16210900
2015-08-25,44.299999,44.450001,42.490002,42.5,38.766266,9664500
2015-08-26,43.169998,43.689999,42.830002,43.610001,39.778748,10130300
2015-08-27,43.98,44.110001,43.400002,43.91,40.052395,8610400
2015-08-28,43.919998,44.0,43.130001,43.740002,39.897327,5295300
2015-08-31,43.59,43.689999,42.880001,43.41,39.596317,5855900
2015-09-01,42.939999,42.950001,42.220001,42.41,38.68417,6926600
2015-09-02,42.75,42.810001,42.139999,42.52,38.784508,5784500
2015-09-03,42.669998,42.759998,42.419998,42.580002,38.839241,3854500
2015-09-04,42.220001,42.290001,41.810001,41.98,38.29195,5488800
2015-09-08,42.5,42.75,42.139999,42.700001,38.9487,6349200
2015-09-09,42.830002,42.950001,42.389999,42.459999,38.729782,6482200
2015-09-10,42.549999,42.73,42.150002,42.299999,38.583843,4986400
2015-09-11,42.150002,42.709999,42.080002,42.709999,38.957813,4311000
2015-09-14,42.720001,42.919998,42.57,42.630001,38.88485,3514500
2015-09-15,42.66,42.810001,42.360001,42.630001,38.88485,3446000
2015-09-16,42.740002,43.16,42.540001,42.91,39.140244,3280900
2015-09-17,42.93,44.029999,42.860001,43.48,39.660172,5311100
2015-09-18,43.27,44.07,43.150002,43.43,39.614567,7028100
2015-09-21,43.48,43.830002,43.400002,43.77,39.924694,3808700
2015-09-22,43.330002,43.610001,43.0,43.009998,39.231457,6091800
2015-09-23,43.02,43.23,42.799999,42.950001,39.176731,6377500
2015-09-24,42.830002,43.560001,42.830002,43.48,39.660172,5336100
2015-09-25,43.48,44.57,43.360001,44.130001,40.253067,5687600
2015-09-28,44.040001,44.560001,44.029999,44.09,40.216576,4533800
2015-09-29,44.080002,44.529999,44.0,44.290001,40.399006,3984300
2015-09-30,44.32,44.779999,44.09,44.700001,40.772984,5246100
2015-10-01,44.830002,44.900002,43.900002,44.189999,40.307789,5220700
2015-10-02,44.459999,44.77,43.93,44.689999,40.763863,5412900
2015-10-05,44.790001,45.23,44.439999,45.200001,41.229065,4323300
2015-10-06,45.119999,45.150002,44.650002,44.790001,40.855087,5117700
2015-10-07,44.849998,44.93,44.610001,44.759998,40.827717,3413400
2015-10-08,44.560001,45.169998,44.549999,45.150002,41.183453,3166600
2015-10-09,45.130001,45.189999,44.84,44.959999,41.010147,2994500
2015-10-12,44.98,45.77,44.98,45.610001,41.60305,3437300
2015-10-13,45.59,45.91,45.380001,45.57,41.566559,3857100
2015-10-14,45.59,45.790001,45.48,45.52,41.52095,3324800
2015-10-15,45.66,45.880001,45.470001,45.82,41.794594,3324600
2015-10-16,46.02,46.25,45.93,46.220001,42.159454,3480800
2015-10-19,45.98,46.16,45.549999,45.959999,41.922295,3652200
2015-10-20,45.919998,46.25,45.790001,45.970001,41.931419,3347300
2015-10-21,46.099998,46.439999,45.970001,46.080002,42.031754,3098800
2015-10-22,46.169998,46.619999,46.139999,46.5,42.414852,5578200
2015-10-23,46.369999,46.490002,45.779999,45.810001,41.785469,4552900
2015-10-26,46.0,46.0,45.43,45.639999,41.630405,4503700
2015-10-27,45.77,45.77,45.360001,45.66,41.648643,3692900
2015-10-28,45.52,46.259998,44.84,45.330002,41.347649,5882400
2015-10-29,45.279999,45.310001,44.380001,44.950001,41.001026,6763300
2015-10-30,44.98,45.23,44.75,45.099998,41.137844,4375300
2015-11-02,45.099998,45.27,44.68,45.23,41.256432,4821900
2015-11-03,45.16,45.509998,44.91,45.439999,41.447979,4099300
2015-11-04,45.450001,45.849998,45.41,45.799999,41.776352,5014200
2015-11-05,45.860001,46.040001,45.580002,45.630001,41.621288,4604900
2015-11-06,44.900002,44.990002,43.470001,43.59,39.760506,9996500
2015-11-09,43.48,44.18,43.380001,44.02,40.152725,5376700
2015-11-10,44.060001,44.48,44.060001,44.439999,40.535828,3117700
2015-11-11,44.529999,45.139999,44.48,45.029999,41.073994,4667900
2015-11-12,44.380001,44.639999,43.82,43.889999,40.522797,4239100
2015-11-13,43.919998,44.369999,43.82,43.950001,40.578197,4829700
2015-11-16,43.91,44.75,43.91,44.740002,41.307583,3432500
2015-11-17,44.639999,44.959999,43.93,44.099998,40.716686,3454400
2015-11-18,44.099998,44.540001,43.869999,44.450001,41.039837,3942800
2015-11-19,44.599998,45.259998,44.599998,45.18,41.713833,4401200
2015-11-20,45.290001,45.669998,45.049999,45.240002,41.76923,4320500
2015-11-23,45.299999,45.439999,44.77,44.919998,41.473774,2949400
2015-11-24,44.689999,44.939999,44.419998,44.810001,41.372215,3146700
2015-11-25,44.709999,44.799999,44.32,44.580002,41.159863,3505700
2015-11-27,44.57,44.790001,44.5,44.580002,41.159863,1331600
2015-11-30,44.66,44.919998,44.540001,44.540001,41.122929,4521200
2015-12-01,44.84,45.240002,44.68,45.18,41.713833,4938100
2015-12-02,44.970001,45.09,44.18,44.209999,40.818245,4574100
2015-12-03,44.080002,44.52,43.720001,44.18,40.79055,6922300
2015-12-04,44.459999,44.939999,44.439999,44.830002,41.390686,4387400
2015-12-07,44.720001,45.349998,44.630001,45.279999,41.806152,4642600
2015-12-08,45.16,45.380001,44.990002,45.299999,41.824627,3311800
2015-12-09,45.049999,45.75,44.810001,45.139999,41.676891,4412100
2015-12-10,45.27,45.290001,44.43,44.490002,41.076767,3732600
2015-12-11,44.240002,44.639999,43.93,44.400002,40.993668,3720700
2015-12-14,44.459999,45.060001,44.389999,44.950001,41.501472,5394400
2015-12-15,45.110001,45.59,45.009998,45.41,41.926182,4650400
2015-12-16,45.5,46.380001,45.5,46.330002,42.775608,7342700
2015-12-17,46.330002,46.799999,46.040001,46.509998,42.941795,4499700
2015-12-18,46.43,46.509998,45.77,46.200001,42.655579,7841100
2015-12-21,46.400002,46.580002,46.0,46.23,42.683273,4250200
2015-12-22,46.389999,46.599998,46.0,46.450001,42.886402,5124800
2015-12-23,46.580002,47.25,46.540001,47.099998,43.486526,4714100
2015-12-24,47.07,47.25,46.93,47.099998,43.486526,1503000
2015-12-28,46.990002,47.299999,46.91,47.110001,43.495762,2801500
2015-12-29,47.259998,47.5,47.209999,47.259998,43.634254,3175200
2015-12-30,47.369999,47.450001,47.200001,47.27,43.64349,2524800
2015-12-31,47.23,47.299999,46.389999,46.790001,43.200321,3874300
