2014-01-07,50.84,51.209999,50.299999,50.490002,44.294033,9719900
2014-01-16,50.099998,50.619999,50.02,50.5,44.653713,4972300
2014-01-22,49.98,50.0,48.619999,49.080002,43.398109,8181700
2014-01-24,48.419998,49.099998,47.77,47.790001,42.257454,9197900
2014-01-30,47.970001,48.880001,47.900002,48.310001,42.717247,7669500
2014-01-31,49.939999,50.549999,49.07,49.23,43.530739,12863500
2014-02-06,47.889999,48.18,47.450001,47.93,42.381241,4957800
2014-02-10,48.75,50.189999,48.720001,49.549999,43.813694,7907500
2014-02-12,49.630001,50.93,49.59,50.560001,44.706768,6534500
2014-02-14,50.560001,50.91,50.169998,50.73,44.857094,4118700
2014-02-18,50.639999,51.560001,50.560001,51.459999,45.502583,4984900
2014-02-19,51.169998,51.860001,50.639999,51.189999,45.263828,5242800
2014-02-20,51.189999,52.110001,50.73,51.860001,45.85627,6078900
2014-02-21,51.82,51.970001,51.009998,51.040001,45.131199,5842700
2014-03-03,50.34,50.860001,49.790001,50.09,44.291172,6817700
2014-03-05,51.68,52.119999,51.299999,51.700001,45.714802,5251100
2014-03-19,53.09,53.529999,52.439999,53.110001,46.961563,6408600
2014-03-21,54.220001,54.73,53.09,53.459999,47.271046,12930500
2014-03-28,51.830002,52.130001,50.889999,50.98,45.078148,4208300
2014-04-02,52.099998,53.41,51.990002,53.34,47.164932,6007200
2014-04-04,53.779999,54.439999,52.049999,52.200001,46.15691,7013200
2014-04-07,51.68,52.310001,49.650002,50.619999,44.759823,9146600
2014-04-10,50.080002,50.27,47.290001,47.349998,41.868378,13177200
2014-04-11,46.580002,47.209999,45.5,46.459999,41.44907,11465800
2014-04-14,47.099998,47.5,46.209999,46.830002,41.779179,7290800
2014-04-15,47.419998,48.09,46.759998,47.860001,42.698082,9531100
2014-04-17,47.919998,48.779999,47.720001,48.549999,43.313667,6196800
2014-04-21,48.5,49.450001,48.400002,49.43,44.098751,4445000
2014-04-22,49.490002,50.419998,49.349998,50.009998,44.616192,6613200
2014-04-24,50.130001,50.130001,49.0,49.32,44.00061,6628800
2014-04-29,50.939999,51.529999,50.759998,51.369999,45.82951,5601300
2014-04-30,51.380001,52.169998,51.0,52.080002,46.462933,7430600
2014-05-01,51.889999,52.099998,51.41,51.610001,46.043625,4279800
2014-05-02,51.41,51.720001,51.0,51.18,45.66,3341300
2014-05-07,52.380001,52.869999,51.27,52.790001,47.096355,7022600
2014-05-08,52.689999,53.09,51.959999,52.150002,46.525383,4092100
2014-05-15,52.959999,53.07,52.419998,52.689999,47.007137,6963800
2014-05-19,52.84,54.209999,52.709999,54.110001,48.273994,6010500
2014-05-20,53.860001,53.93,53.310001,53.540001,47.765476,5021200
2014-05-29,54.099998,54.450001,53.75,54.029999,48.202621,2768600
2014-06-04,53.919998,54.639999,53.669998,54.580002,48.693298,3388200
2014-06-05,54.549999,55.32,54.360001,55.299999,49.335644,4847300
2014-06-09,54.419998,54.880001,53.720001,53.84,48.033112,6297500
2014-06-12,54.220001,54.25,53.459999,53.66,47.872524,3941600
2014-06-13,53.669998,54.310001,53.439999,54.16,48.3186,4413000
2014-06-20,55.619999,55.619999,53.16,53.299999,47.55135,13457700
2014-06-23,53.759998,54.400002,53.540001,53.75,47.95282,6235600
2014-06-25,53.52,55.790001,53.400002,55.0,49.068001,11085100
2014-06-27,56.580002,56.900002,56.279999,56.790001,50.66494,7490800
2014-06-30,56.509998,56.889999,56.099998,56.439999,50.352684,6229700
2014-07-01,56.419998,57.200001,56.169998,56.889999,50.75415,6869800
2014-07-02,57.459999,58.110001,56.919998,58.110001,51.842567,6198500
2014-07-07,57.91,58.150002,57.389999,57.400002,51.209152,4736300
2014-07-08,56.68,56.970001,55.48,55.689999,49.683586,9297300
2014-07-11,55.34,56.599998,54.48,54.959999,49.40424,13586800
2014-07-15,54.52,54.689999,53.389999,53.439999,48.037891,16796400
2014-07-18,53.0,55.119999,53.0,54.91,49.359291,42456000
2014-07-21,54.139999,54.450001,53.91,54.0,48.541283,22334900
2014-07-23,54.48,54.810001,54.07,54.48,48.972759,15011300
2014-07-24,54.220001,54.560001,53.970001,54.080002,48.613201,11712800
2014-07-25,54.400002,54.490002,53.029999,53.18,47.804173,11680900
2014-07-28,53.419998,54.0,53.169998,53.740002,48.307568,10466000
2014-07-29,53.549999,53.66,53.240002,53.43,48.0289,16171500
2014-07-31,53.130001,53.400002,52.299999,52.34,47.049091,15479900
2014-08-12,53.220001,53.299999,52.57,52.84,47.498543,8524600
2014-08-21,54.790001,55.119999,54.68,54.959999,49.40424,8063200
2014-09-03,55.16,55.529999,54.830002,55.509998,49.89864,7562100
2014-09-09,55.529999,57.18,55.43,56.950001,51.193077,17558900
2014-09-12,57.849998,58.77,57.740002,57.880001,52.029064,15556200
2014-09-17,58.889999,60.02,58.75,59.619999,53.593174,14389400
2014-10-02,57.540001,57.700001,56.139999,56.669998,50.941372,8371500
2014-10-08,56.540001,58.450001,56.18,58.34,52.44257,10917200
2014-10-10,55.990002,56.669998,54.950001,54.970001,49.781853,12108700
2014-10-13,54.880001,55.150002,53.580002,53.619999,48.559269,16908200
2014-10-14,53.59,54.84,53.02,54.130001,49.021133,14293600
2014-10-15,52.330002,55.720001,52.060001,54.630001,49.473946,122740200
2014-10-16,55.799999,55.900002,52.84,52.900002,47.907223,61236700
2014-10-20,52.560001,54.59,52.25,54.41,49.274712,17954600
2014-10-21,55.299999,56.450001,55.02,56.290001,50.977276,17522100
2014-10-22,56.959999,57.450001,56.259998,56.900002,51.529701,16048100
2014-10-24,59.34,60.41,59.34,60.290001,54.599754,10391600
2014-10-30,60.0,61.43,59.91,61.18,55.405746,11635300
2014-10-31,63.060001,63.990002,62.369999,63.459999,57.470551,15009900
2014-11-05,63.490002,63.669998,62.200001,62.540001,56.637383,6465000
2014-11-07,62.310001,62.330002,61.310001,61.5,55.695541,7002600
2014-11-14,63.98,64.0,63.130001,64.0,57.959587,4684900
2014-11-24,67.400002,68.059998,67.400002,67.779999,61.382828,7730400
2014-12-02,68.879997,69.489998,68.650002,69.269997,62.732201,6491500
2014-12-03,69.169998,69.480003,68.410004,68.5,62.034882,5817700
2014-12-04,68.349998,69.860001,68.290001,69.57,63.003895,7665300
2014-12-09,68.209999,69.190002,67.610001,69.139999,62.614464,6833800
2014-12-10,69.440002,69.440002,67.529999,67.580002,61.201706,8575700
2014-12-15,65.75,66.470001,64.809998,65.620003,59.426697,7226000
2014-12-16,65.110001,66.940002,64.800003,65.25,59.09161,8545100
2014-12-17,65.5,66.739998,65.089996,66.57,60.287029,5934900
2014-12-18,67.860001,68.010002,67.199997,67.919998,61.509613,7184700
2014-12-22,68.040001,68.25,66.830002,66.970001,60.649273,12876600
2014-12-23,67.230003,67.32,64.019997,64.349998,58.276554,12123000
2014-12-24,64.75,66.949997,64.75,66.209999,59.961002,4705500
2014-12-29,66.580002,67.370003,66.419998,67.139999,60.80323,3872800
2014-12-31,66.720001,67.099998,65.349998,65.440002,59.26368,3917300
2015-01-02,65.440002,66.400002,65.440002,65.889999,59.671215,5086100
2015-01-05,65.5,66.099998,63.880001,64.650002,58.548241,8007400
2015-01-08,68.160004,68.290001,67.419998,67.629997,61.246986,7949000
2015-01-09,66.690002,67.199997,65.110001,65.779999,59.571583,8779900
2015-01-15,64.0,64.110001,62.869999,62.889999,57.381931,6149100
2015-01-16,62.950001,64.620003,62.639999,64.540001,58.887417,8106000
2015-01-20,65.059998,65.290001,62.75,63.450001,57.892879,9065300
2015-01-22,63.200001,63.450001,61.880001,62.98,57.464043,8941700
2015-01-23,63.66,63.66,62.349998,62.43,56.962212,6881100
2015-01-26,62.259998,63.040001,61.68,62.830002,57.327187,8181100
2015-01-28,63.439999,63.560001,61.689999,61.849998,56.43301,6910100
2015-01-30,62.09,62.68,60.119999,60.349998,55.064384,17582500
2015-02-02,61.490002,61.490002,58.650002,60.700001,55.383732,11491100
2015-02-03,61.599998,61.759998,59.98,61.650002,56.250534,10721800
2015-02-04,58.950001,58.950001,56.650002,56.91,51.925663,31250600
2015-02-05,57.549999,58.259998,56.150002,57.990002,52.911083,18964700
2015-02-09,55.669998,56.349998,55.18,55.48,50.620911,22522000
2015-02-10,55.93,57.009998,55.599998,56.889999,51.907425,18917000
2015-02-12,57.400002,57.580002,56.16,57.049999,52.05341,11940900
2015-02-13,57.349998,58.099998,56.900002,58.049999,52.965828,11303200
2015-02-18,59.150002,59.48,58.310001,59.240002,54.051601,10781700
2015-02-20,59.610001,61.34,59.220001,61.299999,55.931179,15534000
2015-02-23,61.540001,61.900002,60.240002,60.57,55.265118,11582700
2015-03-03,60.349998,60.450001,59.439999,59.619999,54.398323,7421000
2015-03-04,59.32,60.419998,59.029999,60.27,54.991394,8536000
2015-03-05,57.209999,59.48,56.650002,56.860001,51.880043,47051800
2015-03-06,56.950001,57.400002,55.439999,55.639999,50.766895,22853000
2015-03-13,58.119999,58.869999,57.349998,58.0,52.9202,10114500
2015-03-23,60.049999,61.189999,59.619999,60.48,55.182999,7926400
2015-03-24,60.650002,60.82,59.450001,59.630001,54.407444,7970000
2015-03-25,60.080002,60.09,58.209999,58.220001,53.120941,11619200
2015-03-26,57.98,58.09,57.220001,57.27,52.254139,10853900
2015-03-27,57.630001,58.049999,57.310001,57.650002,52.600868,6830100
2015-03-31,58.009998,58.810001,57.709999,58.540001,53.412914,12313600
2015-04-13,61.810001,62.16,61.060001,61.200001,56.303078,11400900
2015-04-14,61.400002,61.810001,60.509998,61.720001,56.781475,13071400
2015-04-20,62.91,64.0,62.799999,63.540001,58.455841,12779200
2015-04-23,65.260002,65.309998,62.73,64.25,59.109032,18405300
2015-04-24,64.309998,66.370003,64.139999,66.07,60.783401,14859500
2015-04-28,64.599998,66.489998,64.199997,66.489998,61.169796,13084900
2015-05-04,64.32,65.440002,64.010002,64.68,59.504623,8493500
2015-05-05,64.199997,64.900002,63.779999,63.860001,58.75024,7635900
2015-05-07,63.59,64.809998,63.59,64.699997,59.523022,8638200
2015-05-08,65.099998,65.800003,64.900002,65.239998,60.019814,7541100
2015-05-14,65.860001,66.269997,64.940002,65.970001,60.69141,5868900
2015-05-26,65.720001,67.0,65.660004,66.099998,60.811001,21034300
2015-05-27,66.75,67.989998,66.57,67.379997,61.988579,40778800
2015-05-29,67.220001,67.519997,66.389999,66.589996,61.261791,9451000
2015-06-03,66.900002,67.300003,66.620003,67.010002,61.648193,17552600
2015-06-04,66.550003,67.870003,66.519997,67.419998,62.025383,10539000
2015-06-10,67.660004,68.440002,67.540001,68.239998,62.779762,7349300
2015-06-12,67.889999,67.93,66.589996,67.050003,61.684994,8249900
2015-06-17,66.970001,67.989998,66.879997,67.769997,62.347378,7377100
2015-06-18,67.790001,69.07,67.790001,68.980003,63.46056,9079000
2015-06-19,68.5,69.75,68.5,69.480003,63.920567,9979500
2015-06-25,69.669998,70.379997,69.290001,69.82,64.233337,6191200
2015-06-26,69.949997,70.599998,69.68,70.459999,64.822144,9669500
2015-06-30,68.0,68.220001,66.660004,67.190002,61.813789,11459600
2015-07-01,67.900002,68.599998,67.68,68.510002,63.028172,7694900
2015-07-10,68.940002,69.5,68.529999,69.230003,63.690563,6891400
2015-07-20,70.0,71.110001,69.860001,70.800003,65.618332,9633000
2015-07-24,67.529999,69.019997,67.349998,68.080002,63.097404,13495200
2015-07-29,71.290001,71.510002,70.739998,70.769997,65.59053,6793300
2015-07-30,70.860001,70.879997,69.269997,70.160004,65.025169,6820400
2015-08-03,70.190002,70.790001,69.279999,69.730003,64.626633,9872300
2015-08-06,70.370003,70.779999,68.800003,69.239998,64.172508,6172200
2015-08-11,68.5,69.290001,67.940002,68.25,63.254951,7473200
2015-08-12,67.830002,68.919998,67.239998,68.75,63.718365,8337600
2015-08-17,68.709999,69.82,68.300003,69.370003,64.292999,17669900
2015-08-19,68.75,69.080002,68.209999,68.589996,63.570072,6230200
2015-08-21,66.739998,67.160004,65.830002,65.900002,61.07695,16277100
2015-08-24,61.169998,64.849998,53.869999,63.450001,58.806255,24292600
2015-08-25,65.110001,65.120003,60.650002,60.709999,56.266792,15267000
2015-08-26,62.470001,63.220001,60.880001,63.139999,58.518944,15289600
2015-08-27,64.029999,64.599998,63.0,64.510002,59.788677,12592100
2015-08-28,63.91,64.779999,63.439999,63.98,59.29747,7316400
2015-08-31,64.139999,64.309998,62.25,62.41,57.842369,15581100
2015-09-08,60.220001,60.939999,59.91,60.57,56.137035,9263200
2015-09-14,59.43,59.619999,57.540001,58.939999,54.626335,9095600
2015-09-22,58.169998,58.259998,56.91,57.740002,53.51416,14192000
2015-09-23,57.900002,58.400002,57.150002,57.43,53.226845,9827000
2015-09-24,56.93,57.48,55.919998,56.57,52.429787,8625500
2015-09-25,57.84,57.880001,55.080002,55.740002,51.660534,8673500
2015-09-28,55.389999,55.43,52.34,52.5,48.657661,15123000
2015-09-29,53.099998,54.189999,51.880001,52.790001,48.926434,12842800
2015-09-30,53.540001,54.5,53.360001,54.41,50.427868,11895500
2015-10-01,54.68,55.23,53.93,55.130001,51.095181,9255800
2015-10-02,53.869999,55.849998,53.720001,55.82,51.734676,6942600
2015-10-05,56.389999,56.950001,55.439999,56.68,52.531742,9332800
2015-10-08,55.130001,56.16,54.799999,56.040001,51.938572,6737300
2015-10-09,56.18,56.5,55.470001,55.639999,51.567856,7178500
2015-10-14,54.09,54.619999,53.57,53.939999,50.453651,8727400
2015-10-15,54.32,56.200001,53.849998,56.139999,52.511463,7781600
2015-10-16,56.290001,56.970001,55.790001,56.529999,52.876251,7342800
2015-10-20,56.150002,56.380001,54.630001,54.830002,51.286129,6399900
2015-10-22,53.880001,54.439999,45.450001,48.27,45.150127,46517700
2015-10-23,49.41,51.73,48.639999,50.34,47.086334,26214800
2015-10-26,50.169998,52.48,49.349998,51.869999,48.517448,13890400
2015-10-27,52.009998,53.490002,52.009998,52.580002,49.181561,11710800
2015-10-28,52.82,53.84,52.080002,53.259998,49.8176,7869000
2015-10-29,53.200001,55.18,53.02,54.099998,50.603313,9304400
2015-10-30,57.869999,60.73,57.66,59.549999,55.701065,27465600
2015-11-02,61.599998,64.199997,61.439999,63.380001,59.283512,17008700
2015-11-03,63.119999,63.720001,61.919998,62.43,58.394917,8754700
2015-11-04,62.43,64.150002,62.299999,63.799999,59.676369,10342600
2015-11-05,63.700001,64.18,61.689999,62.77,58.712944,10237200
2015-11-09,63.619999,64.129997,63.110001,63.23,59.143208,8239400
2015-11-10,63.330002,63.619999,62.279999,62.299999,58.273315,6897600
2015-11-12,60.790001,61.73,60.150002,60.23,56.337109,7765500
2015-11-13,60.009998,60.970001,58.889999,59.860001,55.99102,7834400
2015-11-17,60.099998,61.73,59.73,60.380001,56.477409,8405400
2015-11-20,60.939999,61.360001,60.57,61.110001,57.160233,7490200
2015-12-01,58.23,59.099998,57.16,59.02,55.205315,11290500
2015-12-02,59.169998,59.389999,57.369999,57.720001,53.989338,7663000
2015-12-03,57.709999,57.75,55.529999,56.119999,52.492756,9701500
2015-12-08,55.560001,56.869999,55.509998,56.669998,53.007198,6896200
2015-12-09,56.279999,57.439999,55.720001,56.029999,52.408573,6207900
2015-12-11,55.779999,55.779999,53.849998,54.040001,50.547195,9388600
2015-12-14,53.709999,55.48,53.240002,55.439999,51.856697,9419500
2015-12-22,56.540001,57.990002,56.419998,57.59,53.867744,8390800
2015-12-23,57.880001,58.610001,57.610001,58.580002,54.793758,6634400
2015-12-31,59.5,59.93,59.200001,59.240002,55.411098,6019300
2016-01-04,58.060001,58.32,56.400002,57.610001,53.886452,10308400
2016-01-11,55.860001,55.98,52.830002,53.880001,50.39753,10483300
2016-01-12,54.470001,54.970001,53.57,54.84,51.295486,6799600
2016-01-13,54.549999,54.619999,50.98,51.18,48.374847,10432200
2016-01-14,51.32,56.830002,50.709999,54.560001,51.569588,16704900
2016-01-15,53.009998,57.41,53.009998,57.34,54.197216,26689200
2016-01-19,57.529999,57.73,54.23,54.990002,51.976021,13644500
2016-01-22,59.099998,59.43,57.82,58.830002,55.605553,10383800
2016-01-28,57.23,57.73,54.779999,55.849998,52.788887,10521100
2016-01-29,53.419998,55.310001,53.419998,54.900002,51.890957,17768700
2016-02-02,53.639999,54.779999,53.32,53.950001,50.993023,7918300
2016-02-03,54.529999,57.18,54.049999,56.84,53.724625,16435700
2016-02-09,52.310001,53.939999,52.060001,53.48,50.548782,7655800
2016-02-10,54.110001,54.689999,52.549999,52.720001,49.830441,9302800
2016-02-11,52.299999,53.119999,51.82,52.18,49.320034,8551100
2016-02-16,53.439999,53.869999,52.73,53.509998,50.577137,8313000
2016-02-18,55.529999,55.529999,54.169998,54.549999,51.560135,6555000
2016-02-22,54.290001,55.32,53.740002,55.279999,52.250122,9381800
2016-02-25,55.169998,56.23,54.43,56.200001,53.119701,7076300
2016-03-01,54.779999,56.34,54.240002,56.34,53.252029,7106000
2016-03-02,56.169998,56.43,55.400002,55.700001,52.64711,7054800
2016-03-04,56.0,56.700001,55.299999,56.150002,53.072445,6439700
2016-03-08,56.18,56.470001,55.23,55.32,52.28793,5303700
2016-03-09,55.509998,56.650002,55.040001,56.389999,53.299286,8402500
2016-03-11,56.400002,57.869999,56.349998,57.73,54.565842,6537400
2016-03-15,56.650002,56.93,55.130001,55.619999,52.571491,5779600
2016-03-21,56.52,56.779999,55.73,56.009998,52.940113,6632900
