2014-01-03,52.389999,53.470001,52.310001,53.400002,52.181381,26884900
2014-01-06,53.619999,54.290001,53.43,53.810001,52.58202,28503100
2014-01-07,54.59,54.720001,53.779999,54.18,52.943581,28840400
2014-01-08,54.290001,55.0,54.200001,54.810001,53.559196,25989800
2014-01-09,55.0,55.279999,54.759998,55.200001,53.940304,21803700
2014-01-10,55.029999,55.09,54.299999,54.720001,53.471256,22485900
2014-01-13,54.459999,54.66,53.439999,53.720001,52.494076,21110300
2014-01-15,54.52,55.169998,54.360001,54.990002,53.735096,33688100
2014-01-16,53.560001,53.560001,52.349998,52.599998,51.399632,62946800
2014-01-21,52.5,53.0,51.560001,51.849998,50.666748,27567400
2014-01-23,51.650002,51.650002,50.549999,50.720001,49.562538,34832200
2014-01-24,50.049999,50.169998,49.080002,49.330002,48.204254,59057100
2014-01-27,49.099998,49.66,48.360001,48.810001,47.696125,39675300
2014-01-28,49.290001,49.860001,49.290001,49.599998,48.468094,24780900
2014-01-29,48.919998,49.360001,47.700001,48.080002,46.982788,54018100
2014-01-31,47.509998,48.200001,47.290001,47.43,46.357262,33425100
2014-02-03,47.84,47.860001,46.189999,46.34,45.291912,42977600
2014-02-05,46.759998,47.369999,46.310001,47.060001,45.995628,32535500
2014-02-06,47.400002,48.27,47.27,48.25,47.15871,33905600
2014-02-07,49.09,49.389999,48.52,49.34,48.22406,37875700
2014-02-11,49.240002,49.860001,48.959999,49.66,48.536823,22982800
2014-02-12,49.779999,50.150002,49.650002,49.959999,48.830036,23626300
2014-02-14,49.57,49.82,49.41,49.52,48.399986,18780600
2014-02-19,49.009998,49.310001,48.189999,48.189999,47.100063,30294400
2014-02-24,48.330002,49.48,48.310001,48.98,47.872196,23874000
2014-02-25,48.939999,49.060001,48.299999,48.400002,47.305321,20495500
2014-02-27,48.09,48.689999,47.959999,48.689999,47.588757,18598300
2014-03-03,47.799999,48.25,47.549999,47.610001,46.533195,28678000
2014-03-04,48.330002,48.959999,48.139999,48.830002,47.72559,23940500
2014-03-05,49.040001,49.919998,48.959999,49.419998,48.30225,23620700
2014-03-06,49.900002,50.189999,49.68,49.709999,48.585693,26967000
2014-03-11,49.779999,49.82,48.400002,48.43,47.334648,33244300
2014-03-12,48.119999,48.139999,47.759998,47.98,46.89481,25822400
2014-03-13,48.169998,48.299999,47.07,47.330002,46.259518,38925400
2014-03-14,47.369999,47.82,46.790001,46.880001,45.819698,26135900
2014-03-17,47.470001,47.799999,47.310001,47.73,46.650467,18928200
2014-03-18,47.75,48.139999,47.5,48.139999,47.051193,19517200
2014-03-19,48.220001,49.52,48.02,48.939999,47.833103,30308800
2014-03-20,49.290001,50.459999,49.009998,50.220001,49.084148,33885600
2014-03-27,47.43,48.200001,47.110001,47.450001,46.376804,112601000
2014-04-01,47.720001,48.25,47.650002,47.799999,46.718884,26810400
2014-04-02,48.150002,48.360001,47.73,48.240002,47.148945,22354300
2014-04-03,47.939999,48.0,47.369999,47.68,46.601604,29237100
2014-04-04,47.73,47.790001,46.849998,47.110001,46.044498,33010000
2014-04-07,47.119999,47.169998,46.290001,46.549999,45.497162,30145300
2014-04-09,46.779999,47.189999,46.32,47.16,46.093369,22373200
2014-04-10,47.240002,47.27,46.119999,46.23,45.184395,27170000
2014-04-11,45.700001,46.419998,45.18,45.68,44.646839,31063200
2014-04-14,47.400002,47.799999,46.98,47.669998,46.591824,51962300
2014-04-15,47.959999,48.459999,47.639999,48.310001,47.217354,36511600
2014-04-21,48.18,48.220001,47.77,47.84,46.757988,17044500
2014-04-23,48.0,48.5,47.91,48.400002,47.305321,13497900
2014-04-25,48.119999,48.419998,47.68,47.75,46.670017,18117600
2014-04-28,47.639999,47.970001,47.049999,47.299999,46.230198,25780300
2014-04-29,47.599998,48.200001,47.400002,48.16,47.070744,16942400
2014-04-30,48.130001,48.330002,47.84,47.91,46.826393,17077200
2014-05-05,47.200001,47.310001,46.799999,47.18,46.122536,16845800
2014-05-06,47.009998,47.049999,46.330002,46.360001,45.320919,21786700
2014-05-07,46.540001,46.830002,46.32,46.700001,45.653301,17502000
2014-05-08,46.700001,47.490002,46.700001,47.139999,46.083439,16065700
2014-05-12,47.220001,47.400002,47.040001,47.27,46.210526,13305600
2014-05-14,47.5,47.509998,46.98,47.119999,46.063881,12405600
2014-05-15,46.849998,46.939999,46.150002,46.52,45.477333,21174400
2014-05-19,46.099998,46.790001,46.080002,46.77,45.721725,13621000
2014-05-21,46.830002,47.09,46.689999,46.849998,45.799927,12822600
2014-05-22,46.779999,47.150002,46.77,47.139999,46.083439,12711900
2014-05-27,47.619999,48.349998,47.41,47.57,46.503792,24503800
2014-05-28,47.48,47.889999,47.310001,47.32,46.259403,14178100
2014-05-30,47.189999,47.599998,47.150002,47.57,46.503792,11538700
2014-06-03,47.509998,48.259998,47.459999,48.189999,47.109909,16105800
2014-06-04,48.040001,48.200001,47.82,47.880001,46.806843,13075300
2014-06-05,48.009998,48.799999,47.889999,48.630001,47.540043,17048300
2014-06-06,48.700001,49.200001,48.619999,48.93,47.833313,19149500
2014-06-09,48.990002,49.59,48.950001,49.580002,48.46875,14235700
2014-06-10,49.490002,49.5,48.990002,49.330002,48.224354,12769300
2014-06-12,48.619999,48.709999,48.099998,48.27,47.18811,15670200
2014-06-13,48.139999,48.669998,47.119999,47.59,46.523342,34838700
2014-06-18,47.77,48.0,47.41,47.93,46.855728,14468500
2014-06-19,47.950001,47.970001,47.34,47.560001,46.49403,15747900
2014-06-26,47.709999,47.740002,47.029999,47.23,46.171421,18875700
2014-07-01,47.419998,47.900002,47.220001,47.459999,46.396267,16699800
2014-07-02,47.540001,48.25,47.5,48.009998,46.933945,16774600
2014-07-07,48.049999,48.110001,47.59,47.98,46.904602,12052300
2014-07-08,47.700001,47.73,47.25,47.419998,46.357162,13808800
2014-07-10,46.709999,47.049999,46.549999,46.900002,45.848812,18671600
2014-07-14,48.669998,48.830002,48.349998,48.419998,47.334751,36149700
2014-07-15,48.82,49.459999,48.82,49.290001,48.185249,34419100
2014-07-16,49.490002,49.869999,49.400002,49.82,48.703369,23590400
2014-07-17,49.5,49.98,49.16,49.18,48.077713,23847600
2014-07-18,49.490002,49.810001,49.310001,49.560001,48.449196,15453900
2014-07-23,49.610001,50.59,49.360001,50.18,49.055298,20099200
2014-07-28,49.950001,50.080002,49.540001,49.700001,48.58606,12070400
2014-07-29,49.73,49.869999,49.419998,49.419998,48.312328,13165800
2014-07-30,49.669998,50.27,49.630001,50.0,48.879337,15327600
2014-07-31,49.560001,49.919998,48.91,48.91,47.823326,23550900
2014-08-01,48.59,49.029999,47.900002,48.099998,47.031315,21822700
2014-08-05,48.259998,48.490002,47.650002,47.889999,46.825989,15912700
2014-08-11,48.549999,48.599998,48.23,48.389999,47.31488,9130300
2014-08-13,48.619999,48.889999,48.529999,48.75,47.666882,8602600
2014-08-14,48.830002,49.150002,48.740002,49.130001,48.038441,9693100
2014-08-15,49.290001,49.48,48.32,48.720001,47.637554,16215300
2014-08-19,49.529999,50.25,49.52,49.700001,48.595772,13073300
2014-08-21,49.970001,51.220001,49.799999,51.07,49.935341,24162400
2014-08-25,51.279999,51.990002,51.279999,51.630001,50.482899,17502900
2014-08-28,51.52,51.619999,51.279999,51.389999,50.248226,10255900
2014-09-02,51.779999,51.98,51.439999,51.959999,50.805565,11452100
2014-09-09,51.639999,51.779999,51.119999,51.259998,50.121109,14584100
2014-09-10,51.240002,51.990002,51.18,51.830002,50.678455,13013600
2014-09-11,51.610001,52.259998,51.52,52.23,51.069557,14084300
2014-09-18,52.700001,53.900002,52.48,53.66,52.467785,27307100
2014-09-22,53.439999,53.740002,52.959999,53.040001,51.861572,16654900
2014-09-29,51.75,52.27,51.32,52.049999,50.893559,13006900
2014-10-01,51.68,51.849998,50.889999,51.099998,49.964664,20757500
2014-10-03,51.709999,52.43,51.639999,52.32,51.157566,17716300
2014-10-07,51.990002,52.07,51.27,51.27,50.130894,16837100
2014-10-08,51.209999,52.599998,51.18,52.540001,51.372673,23356300
2014-10-09,52.48,52.48,51.009998,51.139999,50.00378,22423700
2014-10-10,50.93,51.290001,50.110001,50.110001,48.99667,27764500
2014-10-14,51.150002,51.630001,50.439999,51.470001,50.326458,41368500
2014-10-15,50.900002,50.93,48.110001,49.68,48.576214,55398300
2014-10-17,50.490002,50.720001,49.740002,50.07,48.957554,21969900
2014-10-20,50.029999,50.619999,49.959999,50.529999,49.407333,13796700
2014-10-21,51.040001,51.490002,50.75,51.27,50.130894,17798300
2014-10-22,51.27,51.799999,50.68,50.700001,49.573559,16664500
2014-10-23,51.25,51.900002,51.09,51.41,50.267776,15167500
2014-10-28,51.639999,52.52,51.639999,52.439999,51.274895,16529200
2014-10-30,52.619999,53.400002,52.34,53.150002,51.978996,21027700
2014-10-31,53.400002,53.900002,52.990002,53.529999,52.350628,27639400
2014-11-04,53.279999,53.32,52.630001,53.189999,52.018108,13618000
2014-11-05,53.59,54.110001,53.259998,54.02,52.829826,18546200
2014-11-14,53.310001,53.599998,53.259998,53.380001,52.203926,11345500
2014-11-24,53.939999,54.490002,53.759998,54.400002,53.201462,13733900
2014-12-03,54.470001,55.279999,54.310001,55.209999,53.993614,21221500
2014-12-08,55.98,56.950001,55.75,56.369999,55.128048,21799300
2014-12-09,55.439999,56.139999,54.689999,55.849998,54.619507,26262900
2014-12-10,55.509998,55.919998,54.349998,54.470001,53.269917,22464100
2014-12-16,52.16,52.84,51.119999,51.169998,50.042618,34745200
2014-12-17,51.209999,52.48,51.110001,52.450001,51.294418,26918800
2014-12-18,53.400002,54.099998,53.130001,54.099998,52.90807,23478100
2014-12-23,54.02,54.860001,53.93,54.419998,53.221012,12277000
2014-12-29,54.139999,55.080002,54.029999,54.73,53.524181,9887500
2014-12-31,54.950001,55.07,54.099998,54.110001,52.917839,10193000
2015-01-05,53.91,53.959999,52.330002,52.549999,51.392216,20945400
2015-01-06,52.68,52.77,50.529999,50.700001,49.582977,31989300
2015-01-07,51.509998,51.549999,50.619999,51.169998,50.042618,27890800
2015-01-08,51.77,52.080002,51.5,51.939999,50.795658,17467200
2015-01-09,52.169998,52.240002,50.77,50.779999,49.661209,20180200
2015-01-12,50.82,50.91,50.029999,50.380001,49.270031,22725800
2015-01-13,50.66,51.23,49.610001,50.02,48.917961,23201800
2015-01-14,48.959999,49.099998,47.77,49.049999,47.96933,44588300
2015-01-15,48.060001,48.240002,46.91,47.23,46.189426,48799400
2015-01-16,46.700001,47.689999,46.599998,47.610001,46.561054,32307000
2015-01-20,47.98,48.0,47.150002,47.259998,46.218761,25561000
2015-01-21,47.369999,48.23,47.150002,47.740002,46.688194,22873300
2015-01-22,48.259998,49.75,47.93,49.57,48.477879,29652600
2015-01-23,49.490002,49.759998,48.610001,48.619999,47.548798,18984700
2015-01-27,48.040001,48.650002,47.77,48.310001,47.24564,16401200
2015-01-29,47.07,47.779999,46.830002,47.619999,46.580723,19865700
2015-01-30,47.09,47.73,46.900002,46.950001,45.925343,23729800
2015-02-02,47.200001,47.77,46.900002,47.720001,46.678543,19178200
2015-02-03,48.459999,49.220001,48.349998,48.880001,47.813229,25220200
2015-02-05,48.740002,49.0,48.220001,48.540001,47.480633,15481900
2015-02-06,49.400002,49.950001,49.060001,49.139999,48.067554,25881500
2015-02-11,49.150002,49.880001,49.110001,49.68,48.59576,13079500
2015-02-12,49.939999,51.09,49.77,50.889999,49.779358,28926800
2015-02-13,51.009998,51.490002,50.810001,51.200001,50.082584,17448500
2015-02-17,50.950001,51.799999,50.900002,51.689999,50.56189,14569400
2015-02-18,51.299999,51.669998,51.09,51.419998,50.297787,17666800
2015-02-19,51.279999,51.540001,51.040001,51.119999,50.004337,11272000
2015-02-20,51.049999,51.91,50.360001,51.779999,50.649929,19429400
2015-02-26,52.029999,52.490002,51.91,52.41,51.266182,16358100
2015-03-02,52.419998,53.52,52.049999,53.490002,52.322613,19384200
2015-03-06,53.75,54.009998,52.93,53.060001,51.902004,40296600
2015-03-10,52.07,52.299999,51.23,51.23,50.111935,29061300
2015-03-12,54.0,54.720001,53.450001,54.080002,52.899738,50191200
2015-03-13,53.900002,54.240002,53.259998,53.540001,52.371521,20780600
2015-03-19,53.57,53.619999,52.200001,52.380001,51.236839,21150000
2015-03-20,52.439999,53.169998,52.41,52.98,51.823746,22466200
2015-03-23,53.029999,53.049999,52.48,52.48,51.33466,13148900
2015-03-25,51.98,52.110001,51.349998,51.380001,50.258659,15418200
2015-03-30,51.330002,52.0,51.310001,51.639999,50.512981,13289200
2015-04-08,51.669998,52.220001,51.630001,51.889999,50.757526,11773000
2015-04-10,52.080002,52.68,51.98,52.43,51.285744,13032000
2015-04-15,52.93,53.380001,52.75,53.209999,52.048721,19041100
2015-04-16,53.98,54.459999,53.799999,54.02,52.841042,38345600
2015-04-17,53.509998,54.099998,52.950001,53.07,51.911781,23287000
2015-04-21,53.349998,53.459999,52.25,52.48,51.33466,19554400
2015-04-22,52.52,53.380001,52.349998,53.099998,51.941116,14873400
2015-04-30,53.75,53.970001,52.919998,53.32,52.156322,19420600
2015-05-01,53.639999,53.84,53.310001,53.759998,52.586708,13147600
2015-05-04,53.849998,54.259998,53.740002,54.169998,52.987766,15670100
2015-05-05,53.990002,54.299999,53.25,53.349998,52.185665,20669100
2015-05-06,53.560001,53.900002,52.349998,52.82,51.667233,19414800
2015-05-07,52.59,53.439999,52.41,53.310001,52.195957,14954200
2015-05-08,53.549999,54.110001,53.299999,54.02,52.891113,17333500
2015-05-13,53.720001,54.360001,53.48,54.200001,53.067352,15810400
2015-05-14,54.43,54.73,54.330002,54.599998,53.458988,14250800
2015-05-15,54.59,54.610001,54.029999,54.240002,53.106518,10377200
2015-05-18,54.189999,54.900002,54.169998,54.669998,53.527523,11717600
2015-05-26,54.75,54.84,54.009998,54.240002,53.106518,16564500
2015-05-27,54.34,54.98,54.200001,54.869999,53.723354,13699400
2015-05-28,54.82,54.82,54.220001,54.549999,53.410034,13380900
2015-05-29,54.459999,54.490002,53.869999,54.080002,52.949867,13841400
2015-06-01,54.68,55.049999,54.439999,54.450001,53.31213,18156300
2015-06-03,55.040001,56.02,55.009998,55.630001,54.467472,21225400
2015-06-04,55.450001,56.0,55.16,55.330002,54.173744,18517600
2015-06-08,56.25,56.5,55.650002,55.650002,54.487053,14961600
2015-06-09,55.57,56.360001,55.220001,56.0,54.829739,15193100
2015-06-10,56.27,57.209999,56.18,57.02,55.828423,21275600
2015-06-15,56.619999,56.939999,56.110001,56.650002,55.466156,17698400
2015-06-16,56.52,57.130001,56.360001,57.07,55.877377,13563800
2015-06-17,57.07,57.150002,56.380001,56.540001,55.358456,17801900
2015-06-19,56.509998,56.810001,56.169998,56.23,55.054928,18840500
2015-06-22,56.860001,57.209999,56.759998,56.950001,55.759888,13011600
2015-06-24,56.66,56.990002,56.5,56.66,55.475945,19235500
2015-06-25,56.990002,57.060001,56.18,56.189999,55.015762,12176200
2015-06-29,55.040001,55.619999,54.849998,54.880001,53.733143,22260400
2015-06-30,55.52,55.68,54.810001,55.240002,54.085617,17737400
2015-07-01,56.009998,56.009998,55.240002,55.68,54.516422,17606100
2015-07-02,55.43,55.849998,55.07,55.369999,54.212902,12062800
2015-07-06,54.790001,55.25,54.5,55.080002,53.928959,12706200
2015-07-07,54.970001,55.049999,53.029999,54.5,53.361076,32011200
2015-07-09,53.84,54.150002,53.599998,53.709999,52.587589,23472100
2015-07-10,54.549999,54.790001,54.299999,54.560001,53.41983,16578700
2015-07-13,55.040001,55.689999,55.040001,55.540001,54.379353,18803900
2015-07-14,55.369999,56.119999,55.240002,55.91,54.741619,18174900
2015-07-15,56.259998,56.790001,55.950001,56.459999,55.280121,20470500
2015-07-16,57.900002,58.650002,57.709999,58.59,57.365616,41084000
2015-07-22,59.119999,60.529999,59.029999,60.34,59.079044,30156200
2015-07-23,60.290001,60.950001,59.73,59.869999,58.618862,29432300
2015-07-24,59.700001,59.77,58.330002,58.700001,57.473309,24760800
2015-07-27,57.900002,58.330002,57.43,57.959999,56.748779,20378400
2015-07-28,58.450001,58.5,57.779999,58.369999,57.150208,12566700
2015-07-29,58.560001,59.150002,58.43,58.919998,57.688721,14460800
2015-07-31,58.790001,58.84,58.369999,58.459999,57.286945,12529300
2015-08-06,58.82,58.959999,57.900002,58.099998,56.934166,14707400
2015-08-10,58.259998,58.84,58.209999,58.740002,57.561325,10812200
2015-08-11,58.009998,58.25,57.240002,57.639999,56.483398,18897600
2015-08-12,56.939999,57.240002,55.310001,56.91,55.768044,27428700
2015-08-13,57.029999,57.599998,56.5,57.330002,56.179611,15837900
2015-08-17,57.16,57.849998,56.990002,57.77,56.610786,11139200
2015-08-19,57.18,57.52,56.560001,57.0,55.856236,17661300
2015-08-20,56.029999,56.310001,55.330002,55.330002,54.219749,28455500
2015-08-21,54.400002,55.049999,53.580002,53.599998,52.524467,33437500
2015-08-25,52.700001,52.75,49.880001,49.880001,48.879108,27809200
2015-08-26,51.41,52.380001,50.25,52.279999,51.230946,30721900
2015-08-27,53.189999,53.619999,52.349998,53.439999,52.367668,26467300
2015-09-01,52.400002,52.400002,50.290001,50.939999,49.917831,28621600
2015-09-02,51.810001,52.029999,50.990002,51.75,50.711586,17515800
2015-09-04,51.130001,51.299999,50.119999,50.59,49.57486,19054500
2015-09-08,51.400002,51.880001,51.02,51.650002,50.613594,17160200
2015-09-09,52.400002,52.619999,50.73,50.880001,49.859043,16930900
2015-09-15,51.18,52.290001,51.060001,52.0,50.95657,17858900
2015-09-16,52.259998,52.709999,51.790001,52.59,51.534733,17369500
2015-09-21,50.82,51.099998,50.360001,50.709999,49.692451,14936600
2015-09-22,49.950001,50.450001,49.860001,50.380001,49.36908,19610600
2015-09-23,50.400002,50.650002,49.950001,50.119999,49.114288,13680200
2015-09-24,49.66,49.75,48.75,49.130001,48.144161,32241000
2015-09-25,50.169998,50.720001,49.869999,50.549999,49.535664,22341800
2015-09-28,50.630001,50.700001,48.950001,49.029999,48.046165,21919800
2015-09-30,49.810001,49.84,48.900002,49.610001,48.614529,17629000
2015-10-01,49.419998,50.0,49.220001,49.889999,48.888908,16291000
2015-10-05,50.400002,51.34,50.34,51.16,50.133423,14881200
2015-10-08,51.09,51.84,50.75,51.650002,50.613594,16903000
2015-10-09,51.82,52.02,50.93,51.380001,50.349007,14341200
2015-10-14,51.07,51.220001,50.380001,50.720001,49.702251,22288000
2015-10-15,51.830002,53.18,51.119999,52.970001,51.907104,31023100
2015-10-16,53.34,53.360001,52.57,52.689999,51.632725,17569200
2015-10-21,52.990002,53.16,51.790001,51.810001,50.770386,15577800
2015-10-22,52.18,52.869999,52.150002,52.509998,51.456337,22320500
2015-10-23,53.0,53.669998,52.950001,53.639999,52.56366,19927100
2015-10-26,53.23,53.59,52.75,53.110001,52.044296,14530700
2015-10-27,52.709999,52.91,52.240002,52.610001,51.554333,13232400
2015-10-28,52.860001,54.959999,52.709999,54.73,53.63179,23403900
2015-10-29,54.5,55.060001,53.619999,53.66,52.631336,23153900
2015-10-30,53.75,53.82,52.93,53.169998,52.15073,18430200
2015-11-02,53.450001,54.049999,53.34,53.830002,52.798084,11999700
2015-11-03,53.560001,54.389999,53.52,54.16,53.121758,13518300
2015-11-04,54.369999,54.5,53.66,53.830002,52.798084,16985200
2015-11-05,53.779999,54.400002,53.75,54.150002,53.111946,13632500
2015-11-06,55.77,56.459999,55.490002,55.869999,54.798977,21654400
2015-11-11,56.119999,56.139999,54.779999,54.900002,53.847572,15834000
2015-11-12,54.52,54.52,53.450001,53.459999,52.435169,17735000
2015-11-13,53.169998,53.580002,52.669998,53.169998,52.15073,16828800
2015-11-16,52.959999,53.689999,52.490002,53.689999,52.660767,14896600
2015-11-18,53.849998,55.029999,53.759998,54.98,53.926037,19100300
2015-11-20,55.369999,55.369999,54.549999,54.75,53.700447,14896000
2015-11-23,54.669998,54.84,54.150002,54.279999,53.239452,14547100
2015-12-01,54.400002,54.91,54.25,54.880001,53.827953,11856000
2015-12-02,54.990002,55.02,54.029999,54.139999,53.102142,15288800
2015-12-03,54.419998,54.599998,53.349998,53.509998,52.484215,19750000
2015-12-04,53.66,55.330002,53.52,55.09,54.033924,21464100
2015-12-08,53.84,54.009998,53.18,53.389999,52.366524,14785500
2015-12-09,53.049999,53.810001,52.310001,52.810001,51.797638,19903700
2015-12-11,51.939999,52.209999,50.669998,51.110001,50.130222,24093500
2015-12-15,51.849998,52.799999,51.849998,52.52,51.513199,21642300
2015-12-21,51.709999,51.91,51.080002,51.790001,50.797188,16929000
2015-12-23,52.299999,52.639999,52.080002,52.630001,51.62109,14950200
2015-12-28,52.57,52.57,51.959999,52.380001,51.375877,8761700
2015-12-29,52.759998,53.220001,52.740002,52.98,51.964375,10155100
2015-12-30,52.84,52.939999,52.25,52.299999,51.297409,8763300
2015-12-31,52.07,52.389999,51.75,51.75,50.757957,11025600
2016-01-04,50.75,51.189999,50.189999,51.130001,50.149845,23440200
2016-01-07,49.07,49.380001,47.5,47.560001,46.648285,37902900
2016-01-08,48.73,48.740002,46.029999,46.130001,45.245693,30643000
2016-01-11,46.560001,46.990002,45.93,46.849998,45.951885,26284600
2016-01-13,47.32,47.349998,44.970001,45.189999,44.323715,27925800
2016-01-15,42.509998,43.689999,41.849998,42.470001,41.655853,52353900
2016-01-19,42.849998,43.119999,41.66,41.939999,41.136013,39032700
2016-01-20,40.52,41.029999,39.439999,40.490002,39.71381,49905400
2016-01-21,40.509998,41.389999,40.029999,40.150002,39.380329,34976700
2016-01-22,41.049999,41.349998,40.82,41.060001,40.272881,30187200
2016-01-25,40.810001,40.959999,39.450001,39.549999,38.791828,31924000
2016-01-26,39.599998,40.790001,39.5,40.5,39.723618,23508400
2016-01-29,40.799999,42.59,40.779999,42.580002,41.815296,36107600
2016-02-02,41.860001,41.860001,40.279999,40.419998,39.69408,31460900
2016-02-04,40.110001,41.57,40.049999,40.790001,40.057442,26732600
2016-02-05,41.02,41.439999,39.549999,39.860001,39.144142,23599700
2016-02-08,39.139999,39.18,37.18,37.810001,37.130959,35237100
2016-02-09,36.93,38.07,36.68,37.509998,36.836342,39767200
2016-02-11,36.0,36.16,34.52,34.98,34.35178,48945600
2016-02-12,36.029999,37.869999,35.98,37.540001,36.86581,38120400
2016-02-16,38.59,39.220001,38.32,38.889999,38.191559,31802500
2016-02-17,39.709999,40.290001,39.5,39.779999,39.065578,29133500
2016-02-18,39.93,39.990002,38.619999,38.919998,38.22102,24107700
2016-02-22,39.669998,39.970001,39.299999,39.52,38.810246,22028600
2016-02-23,39.119999,39.189999,38.040001,38.220001,37.533592,26234200
2016-02-25,38.23,38.650002,38.009998,38.619999,37.926411,19889500
2016-02-26,39.060001,40.02,38.759998,39.5,38.790607,23757400
2016-03-01,39.150002,41.290001,39.099998,41.27,40.52882,30606800
2016-03-02,41.240002,42.25,41.09,42.220001,41.461758,28383800
2016-03-03,42.139999,42.869999,41.889999,42.830002,42.060806,21835200
2016-03-07,42.360001,42.93,42.080002,42.610001,41.844753,22134600
2016-03-08,42.150002,42.310001,40.990002,41.049999,40.312767,26265000
2016-03-11,42.27,43.009998,41.759998,42.990002,42.21793,21068500
2016-03-15,42.259998,42.619999,41.970001,42.59,41.825111,13784700
2016-03-16,42.130001,43.049999,41.5,42.23,41.471581,22981000
2016-03-17,41.990002,42.93,41.380001,42.849998,42.080441,24262800
2016-03-18,43.43,43.970001,43.25,43.540001,42.758045,30801900
2016-03-22,43.27,43.630001,42.91,43.380001,42.600922,14885100
2016-03-24,41.779999,41.939999,41.029999,41.939999,41.186783,22723400
