2014-01-21,59.590599,59.742229,58.885521,59.135708,57.903419,6464600
2014-01-23,58.52919,58.650494,58.150112,58.460957,57.242733,2405400
2014-02-11,57.141773,57.528431,56.95982,57.156937,55.965893,3325000
2014-02-14,57.740711,58.074299,57.490524,57.945412,56.737938,2973500
2014-02-18,57.733131,58.059135,57.498104,57.573921,56.374191,3104100
2014-02-19,57.429871,57.990902,57.01289,57.07354,55.884235,3429100
2014-02-21,57.611828,57.862019,57.369221,57.733131,56.530087,3529300
2014-03-07,58.673237,58.802124,58.32449,58.703564,57.480289,3720300
2014-03-11,58.58226,58.650494,57.862019,57.945412,56.737938,2768400
2014-03-13,57.755875,57.771038,56.338135,56.429111,55.253239,3284100
2014-03-14,56.338135,56.603489,55.883244,55.943897,54.778126,3669500
2014-03-18,56.876423,57.202427,56.838512,57.058376,55.869389,1861600
2014-03-19,57.028053,57.21759,56.057621,56.383625,55.208706,2492300
2014-04-04,57.975739,58.150112,57.088703,57.16452,56.048622,3415500
2014-04-08,55.8605,56.360878,55.579987,56.125854,55.030235,3102800
2014-04-09,56.861259,57.399544,56.391205,57.354057,56.234459,4055500
2014-04-11,55.845337,56.034874,55.178165,55.193329,54.115913,3608300
2014-04-16,55.943897,56.004547,55.238819,55.837757,54.747761,5374500
2014-04-17,55.344959,55.678543,54.806671,55.231236,54.153084,10285800
2014-04-21,55.617893,56.626232,55.428356,56.542835,55.439075,7684000
2014-04-22,56.467022,56.542835,55.731613,55.76194,54.673428,5662700
2014-05-06,55.185745,55.375286,54.996208,55.011372,53.937504,2691800
2014-05-19,56.944656,57.763458,56.891586,57.482941,56.360836,3121600
2014-05-21,56.95982,57.869598,56.95982,57.831692,56.702766,4151400
2014-05-30,59.393478,59.529945,59.150871,59.461712,58.300976,4487700
2014-06-05,59.469296,60.538288,59.082638,60.272934,59.096371,3897900
2014-06-06,60.310841,61.023502,60.265354,60.932526,59.743084,3688400
2014-06-24,60.902199,60.902199,60.083397,60.083397,58.91053,3678900
2014-06-30,60.128887,60.144047,59.560272,59.689159,58.597923,4072900
2014-07-01,60.015163,60.439728,59.984837,60.272934,59.171028,3590400
2014-07-02,60.068233,60.257771,59.560272,59.719486,58.627697,3379100
2014-07-17,57.399544,57.467777,56.095528,56.156178,55.129539,13200500
2014-07-18,56.497345,57.194843,55.96664,56.944656,55.903595,7630400
2014-07-23,57.619408,57.702805,57.1721,57.32373,56.275742,4790400
2014-08-01,56.027294,56.050037,55.360123,55.60273,54.586205,6803600
2014-09-15,58.400303,58.802124,58.036392,58.097042,57.034912,5486300
2014-09-17,58.984077,60.075813,58.900681,59.689159,58.597923,5555700
2014-10-02,56.497345,56.702045,55.974224,56.429111,55.469135,6061400
2014-10-13,54.768764,55.466263,54.268387,54.359364,53.434593,7898300
2014-10-16,54.412434,56.512508,53.987869,56.247158,55.290283,9111500
2014-11-24,63.373768,63.396511,63.025021,63.313114,62.236027,2034800
2014-12-01,63.009857,63.176647,62.608036,62.97953,61.908112,3881400
2014-12-02,63.260044,63.472328,63.017437,63.366188,62.288197,3454400
2014-12-09,63.426838,63.972706,63.335861,63.957542,62.869492,2886300
2014-12-15,63.927219,64.116753,62.850643,63.222137,62.146591,3633900
2014-12-17,62.373009,63.798332,62.054588,63.639122,62.556488,5728100
2014-12-19,65.276726,65.678543,64.950722,65.405609,64.292915,6568800
2015-01-27,64.033356,64.662621,63.396511,64.169823,63.1507,4739200
2015-01-29,63.191811,63.669445,62.327522,63.631538,62.620956,3595100
2015-02-12,65.132675,65.686127,65.041695,65.6558,64.613052,2695200
2015-02-26,66.057617,66.793022,65.97422,66.573158,65.515869,2837600
2015-03-27,63.858986,64.442757,63.760426,64.329041,63.407005,2796600
2015-04-08,64.715691,64.912811,64.35936,64.708115,63.780647,3097400
2015-05-13,68.233513,68.42305,65.54966,66.224411,65.275215,24901400
2015-05-14,66.702049,66.990143,66.269905,66.595909,65.641388,12619700
2015-05-21,65.951477,66.171341,65.70887,65.883247,64.938934,5032100
2015-06-24,64.882484,65.147842,64.692947,64.761185,63.933647,3862400
2015-07-01,65.200912,65.458679,64.973465,65.458679,64.622215,7477800
2015-07-13,66.087944,66.793022,65.959061,66.717209,65.86467,6514400
2015-07-23,67.475357,67.960579,66.884003,67.513268,66.650551,9431700
2015-08-12,68.506447,68.551933,67.596664,68.453377,67.578644,3961200
2015-08-20,68.225929,68.385139,67.21759,67.293404,66.433502,4551400
2015-09-21,65.564819,65.996971,65.056862,65.519333,64.682091,5219900
2015-10-01,64.647461,65.011375,63.783169,64.692947,63.970062,4431300
2015-10-09,67.346474,67.771042,66.944656,67.103867,66.35405,5202900
2015-10-23,71.448067,71.448067,69.795296,70.37149,69.585136,6754300
2015-11-02,70.894615,72.60804,70.788475,72.426079,71.616783,4995700
2015-11-20,73.692192,74.010612,73.555725,73.805916,72.981194,2559300
2015-12-23,70.568611,71.235786,70.416985,71.053825,70.360771,2170400
2016-01-07,67.695221,68.233513,66.838516,67.05838,66.404289,5949000
2016-01-14,65.633057,66.565582,65.056862,66.194084,65.548431,4063800
2016-01-19,65.466263,65.663383,64.177406,64.905228,64.272141,4429900
2016-01-21,64.13192,64.495827,63.570889,64.010612,63.386257,5075100
2016-02-17,65.989388,66.300224,65.686127,66.012131,65.368256,3414000
2016-02-25,66.110687,66.929489,65.898407,66.91433,66.26165,2802600
2016-03-01,68.134949,68.824867,67.960579,68.6884,68.018417,5182200
2016-03-17,69.294922,71.137222,69.173615,70.924942,70.233147,5688400
2016-03-24,71.584534,71.902954,71.357086,71.857468,71.276794,3940500
