2014-01-22,96.120003,100.599998,93.849998,99.650002,92.867943,5421000
2014-01-23,99.959999,101.800003,99.93,101.550003,94.638611,3070600
2014-02-11,102.760002,103.75,102.559998,103.220001,96.194954,1949100
2014-02-14,103.620003,106.449997,103.220001,106.349998,99.111931,2579600
2014-02-19,106.330002,107.25,105.050003,105.260002,98.09613,2762400
2014-02-25,108.610001,109.260002,107.980003,108.269997,100.90126,2090400
2014-02-28,109.040001,110.25,108.790001,109.540001,102.084824,2282300
2014-03-04,111.129997,113.57,111.099998,112.660004,104.992485,3641800
2014-03-10,110.519997,111.279999,110.010002,110.410004,102.895615,2191300
2014-03-13,109.580002,110.32,107.300003,107.989998,100.640312,3006200
2014-03-18,108.889999,109.639999,108.68,109.400002,101.954353,2034200
2014-03-19,109.660004,110.330002,107.480003,108.019997,100.668289,2185600
2014-03-20,107.949997,108.379997,106.870003,107.25,99.950691,2057300
2014-03-24,107.5,107.959999,105.660004,106.580002,99.326271,2191600
2014-03-25,107.129997,108.519997,106.809998,107.650002,100.323448,1850800
2014-03-27,106.199997,107.230003,105.5,106.370003,99.130562,1893000
2014-03-31,108.5,109.18,108.190002,108.919998,101.507027,1713500
2014-04-01,109.160004,109.739998,108.660004,109.68,102.215302,1441100
2014-04-02,109.769997,111.209999,109.75,110.610001,103.082001,1672500
2014-04-04,111.349998,111.830002,108.010002,108.290001,100.919899,2052000
2014-04-07,108.290001,109.25,107.139999,107.650002,100.323448,2338300
2014-04-08,107.650002,108.0,106.099998,106.379997,99.139893,2403500
2014-04-09,106.150002,108.18,106.050003,108.040001,101.277161,1695400
2014-04-10,108.269997,108.699997,105.650002,105.709999,99.093025,1453700
2014-04-11,105.370003,106.139999,104.940002,104.989998,98.418091,1447800
2014-04-15,105.449997,106.919998,104.699997,106.699997,100.021034,1709900
2014-04-17,108.43,109.489998,107.610001,109.059998,102.23333,1556800
2014-04-22,109.360001,109.910004,108.010002,108.040001,101.277161,2020900
2014-04-23,108.370003,112.099998,106.540001,111.580002,104.595581,2264700
2014-04-24,111.800003,111.989998,109.919998,110.419998,103.508202,2016700
2014-04-28,109.870003,109.910004,106.580002,107.389999,100.667854,2644200
2014-04-29,108.540001,109.080002,108.129997,108.260002,101.483391,2801700
2014-05-02,109.970001,111.690002,109.709999,111.010002,104.061272,2124700
2014-05-05,110.599998,111.989998,110.410004,111.879997,104.876808,2117800
2014-05-12,113.0,114.940002,112.93,114.849998,107.660896,2412000
2014-05-15,114.559998,114.830002,113.089996,113.220001,106.132927,2110100
2014-05-28,116.07,117.75,115.559998,117.559998,110.201248,2146700
2014-06-05,118.75,120.910004,118.669998,120.889999,113.322815,1969200
2014-06-12,119.769997,120.07,118.120003,118.459999,111.04493,1049300
2014-06-13,118.760002,119.57,118.260002,119.139999,111.682358,956500
2014-06-24,118.110001,118.849998,116.629997,116.690002,109.385719,1483400
2014-07-02,116.190002,116.449997,115.129997,115.5,108.849251,1484300
2014-07-11,115.669998,117.019997,115.309998,116.849998,110.121513,1513300
2014-07-16,117.959999,118.150002,117.150002,117.510002,110.743507,798800
2014-07-17,117.059998,117.550003,116.050003,116.099998,109.414696,795800
2014-07-21,117.480003,118.470001,117.099998,118.349998,111.535133,828500
2014-07-23,120.349998,121.110001,119.110001,120.730003,113.778084,2915400
2014-07-24,120.720001,121.93,120.650002,121.480003,114.484901,2182100
2014-07-29,120.480003,120.709999,119.18,119.18,112.317337,990000
2014-08-01,116.419998,118.080002,116.419998,117.379997,110.621002,1540200
2014-08-14,119.349998,119.93,119.050003,119.120003,112.260803,966000
2014-09-02,123.349998,123.839996,122.540001,122.660004,115.596954,1711300
2014-09-09,125.769997,127.019997,125.720001,126.260002,118.989662,1607800
2014-09-10,126.129997,127.690002,126.029999,127.419998,120.082863,1203000
2014-09-11,127.089996,127.199997,126.339996,126.620003,119.328934,1241800
2014-10-03,122.620003,123.790001,122.43,123.540001,116.426277,2679800
2014-10-07,122.800003,122.949997,120.660004,120.690002,113.740387,1783700
2014-10-22,127.18,128.220001,125.589996,126.309998,119.651459,2620900
2014-10-30,135.559998,139.020004,134.669998,138.289993,130.999924,2275000
2014-11-24,145.089996,145.919998,144.639999,144.880005,137.242523,1631900
2014-12-10,144.660004,144.830002,140.940002,141.139999,133.699677,1993800
2014-12-11,141.759995,143.350006,141.669998,142.399994,134.893234,1599700
2014-12-15,137.669998,138.600006,135.490005,135.610001,128.461182,2468200
2014-12-22,140.679993,142.009995,140.210007,141.399994,133.945984,3251700
2014-12-30,140.619995,140.729996,139.449997,139.630005,132.269287,965900
2015-01-05,137.960007,138.630005,135.380005,135.559998,128.413818,1437100
2015-01-16,137.490005,139.149994,136.809998,139.070007,132.334244,1681500
2015-01-23,141.160004,142.410004,140.330002,141.320007,134.47525,895600
2015-01-27,138.330002,138.75,137.050003,137.199997,130.55481,1590100
2015-02-05,138.559998,139.199997,138.020004,138.690002,131.972641,1399500
2015-02-20,139.320007,142.550003,139.039993,142.240005,135.350708,1341200
2015-03-04,136.529999,137.529999,136.029999,136.25,129.650848,1866600
2015-03-25,135.880005,136.529999,133.669998,133.759995,127.281425,1803500
2015-03-27,134.350006,135.320007,134.139999,135.039993,128.499435,945700
2015-04-01,135.070007,135.139999,132.679993,133.979996,127.490768,1131400
2015-04-07,135.800003,136.210007,134.949997,135.0,128.461349,1610600
2015-04-20,132.050003,133.880005,131.940002,133.279999,127.476227,776600
2015-05-01,137.820007,140.309998,137.809998,140.139999,134.037491,1885700
2015-05-05,140.550003,140.550003,137.559998,137.979996,131.971558,1652100
2015-05-14,140.0,141.119995,139.899994,140.940002,134.802673,875500
2015-05-26,139.460007,139.490005,137.509995,137.990005,131.98114,1092200
2015-06-01,140.350006,140.860001,138.789993,140.25,134.1427,1221600
2015-06-09,138.339996,139.440002,137.830002,138.679993,132.641083,1284200
2015-06-16,141.710007,144.190002,141.660004,143.229996,136.992966,1888300
2015-06-17,143.520004,144.789993,142.880005,144.5,138.207642,1395000
2015-06-18,144.660004,147.029999,144.660004,145.990005,139.632767,1717500
2015-06-19,145.589996,146.289993,145.020004,145.089996,138.771912,1469000
2015-06-29,144.369995,144.889999,141.759995,141.839996,135.663467,1627000
2015-07-15,147.149994,147.740005,146.729996,147.25,141.526382,1646000
2015-07-16,148.0,148.669998,147.729996,148.449997,142.679703,1315600
2015-07-21,148.539993,148.610001,145.389999,146.289993,140.603668,1451900
2015-07-22,146.110001,146.369995,144.160004,145.220001,139.575272,2012400
2015-07-29,149.270004,153.399994,149.070007,149.960007,144.131012,4004500
2015-08-03,149.130005,149.580002,147.660004,148.850006,143.064194,921500
2015-08-10,150.669998,152.369995,150.669998,151.960007,146.053284,1011900
2015-08-13,150.130005,151.080002,149.539993,150.539993,144.688461,851500
2015-08-17,151.080002,153.0,150.830002,152.850006,146.908676,1182100
2015-09-02,140.309998,142.449997,140.210007,142.449997,136.912933,1171800
2015-09-04,141.610001,141.990005,140.5,141.179993,135.692291,974000
2015-09-09,145.580002,145.850006,142.179993,142.470001,136.932175,1207900
2015-09-22,138.020004,138.789993,137.419998,137.949997,132.58786,1390400
2015-09-29,134.830002,135.850006,134.100006,135.589996,130.319595,1869600
2015-10-08,139.589996,142.179993,138.619995,141.910004,137.06633,1102900
2015-10-28,150.869995,152.509995,147.210007,150.779999,145.63353,2626800
2015-11-09,145.460007,145.679993,143.660004,144.289993,139.365051,1164100
2015-11-16,141.25,143.360001,141.080002,143.279999,138.389542,1731400
2015-11-23,145.759995,146.0,144.369995,144.589996,139.654816,1129700
2015-12-01,147.229996,148.399994,146.830002,147.600006,142.562088,1618800
2015-12-04,142.449997,144.270004,142.369995,143.839996,138.93042,1882700
2015-12-08,142.169998,142.570007,140.850006,142.0,137.153244,1423100
2015-12-14,138.330002,139.300003,137.059998,139.190002,134.439133,1244400
2015-12-15,139.830002,140.479996,137.949997,138.039993,133.3284,2181900
2015-12-24,139.729996,140.190002,139.490005,139.839996,135.06694,358100
2016-01-20,125.400002,126.089996,121.610001,124.18,120.569382,2161800
2016-02-02,132.679993,133.940002,131.990005,133.529999,129.647552,2896700
2016-02-16,131.479996,132.589996,130.25,131.509995,127.686249,1620500
2016-02-19,134.889999,136.009995,134.320007,135.259995,131.327225,1370700
2016-02-22,135.259995,137.720001,135.259995,136.619995,132.64769,1208600
2016-02-24,135.0,135.630005,132.850006,135.149994,131.220413,1371800
2016-02-25,135.520004,137.350006,135.309998,137.240005,133.249664,1091400
2016-03-04,135.740005,136.520004,134.880005,135.279999,131.346664,1710300
2016-03-08,131.279999,132.270004,130.740005,131.399994,127.57946,1782200
2016-03-10,132.800003,134.259995,131.940002,133.570007,129.686386,2234600
2016-03-18,134.490005,136.089996,134.169998,135.449997,131.511703,2581200
2016-03-24,132.399994,132.399994,127.739998,129.080002,125.326912,3344100
2016-03-29,130.789993,132.199997,130.059998,131.860001,128.026093,1633800
