2014-01-28,52.939999,53.09,52.689999,52.830002,42.142525,935200
2014-02-03,51.459999,51.509998,50.509998,50.599998,40.36364,2066700
2014-02-04,51.139999,51.360001,51.02,51.290001,40.914066,1414100
2014-02-07,51.59,51.900002,51.34,51.759998,41.288979,1551200
2014-02-27,52.740002,53.310001,52.669998,53.27,42.493511,1194000
2014-03-10,51.630001,51.779999,51.32,51.610001,41.169319,2396000
2014-03-14,50.060001,50.32,49.790001,49.880001,40.53767,2169300
2014-03-20,49.029999,49.450001,48.860001,49.41,40.155697,3758400
2014-04-10,52.25,52.279999,51.52,51.549999,41.894878,2261200
2014-04-17,51.919998,52.209999,51.869999,52.16,42.390629,1210500
2014-04-28,50.889999,50.98,50.450001,50.720001,41.220345,2560900
2014-05-01,51.540001,51.549999,51.240002,51.27,41.667332,1376100
2014-05-05,50.709999,50.860001,50.48,50.849998,41.325989,1049600
2014-05-06,51.52,51.619999,51.200001,51.25,41.651073,2093900
2014-05-19,53.279999,53.380001,53.09,53.23,43.260223,1779100
2014-06-03,52.130001,52.360001,52.099998,52.34,42.944202,1341100
2014-06-23,51.610001,51.68,51.459999,51.650002,42.378059,1101400
2014-06-30,50.57,50.91,50.529999,50.799999,41.680649,1068200
2014-07-24,52.68,52.75,52.48,52.639999,43.19035,1399500
2014-09-10,53.380001,53.580002,53.16,53.549999,44.34869,1194700
2014-09-29,51.630001,51.740002,51.43,51.560001,42.700638,1621500
2014-10-06,50.860001,50.990002,50.580002,50.779999,42.054649,3992500
2014-10-08,50.919998,51.43,50.77,51.43,42.592968,3777000
2014-10-30,49.990002,50.57,49.98,50.450001,42.199673,1414800
2014-11-03,50.279999,50.330002,49.939999,50.099998,41.90691,1675700
2014-12-08,50.009998,50.150002,49.779999,49.82,41.672699,1359400
2015-01-07,45.459999,45.720001,45.23,45.669998,38.20137,2122400
2015-01-20,45.32,45.5,45.110001,45.360001,37.942066,3186200
2015-02-09,46.200001,46.509998,46.189999,46.369999,38.786892,2097600
2015-02-10,45.880001,45.93,45.43,45.619999,38.159542,3488000
2015-02-23,44.360001,44.709999,44.169998,44.68,37.373264,3921100
2015-02-24,44.580002,45.09,44.580002,45.040001,37.674393,3624100
2015-02-25,44.77,44.799999,44.509998,44.77,37.448547,2392300
2015-03-06,43.189999,43.25,42.75,42.810001,36.626453,2860700
2015-03-10,42.849998,42.860001,42.27,42.349998,36.232891,2652000
2015-03-13,41.459999,41.610001,41.200001,41.549999,35.548447,2318900
2015-03-17,42.02,42.34,41.98,42.25,36.147331,2411500
2015-04-02,43.080002,43.23,43.040001,43.150002,36.917343,1316900
2015-04-07,43.560001,43.73,43.459999,43.490002,37.208233,3491300
2015-04-08,44.080002,44.139999,43.509998,43.77,37.447784,2843100
2015-04-14,45.5,45.689999,45.400002,45.639999,39.047676,2965300
2015-05-04,49.07,49.200001,48.950001,49.099998,42.007915,2028400
2015-05-05,48.169998,48.220001,47.52,47.57,40.69891,3675800
2015-05-11,49.150002,49.380001,49.029999,49.09,41.999359,1823900
2015-05-18,48.490002,48.689999,48.400002,48.450001,41.451801,1436200
2015-05-22,48.189999,48.299999,48.07,48.110001,41.595554,1570000
2015-05-27,47.580002,48.189999,47.5,47.810001,41.336174,2437400
2015-06-09,47.02,47.150002,46.810001,47.0,40.63586,1817700
2015-06-16,46.459999,46.720001,46.360001,46.650002,40.333248,2513400
2015-06-24,47.259998,47.41,47.16,47.16,40.774193,792900
2015-07-20,45.549999,45.790001,45.48,45.610001,39.434082,1418700
2015-07-30,45.34,45.34,44.869999,45.009998,38.915318,1279500
2015-08-05,46.240002,46.380001,46.09,46.18,39.926888,1840300
2015-08-10,44.959999,45.5,44.939999,45.459999,39.304382,1011000
2015-08-20,42.09,42.110001,41.700001,41.759998,36.509441,2668000
2015-09-01,38.349998,38.52,37.970001,38.16,33.362072,3068300
2015-10-02,38.169998,38.950001,38.009998,38.939999,34.043995,2371300
2015-10-07,40.59,40.880001,40.360001,40.57,35.469055,2665600
2015-10-14,39.869999,40.099998,39.669998,39.790001,34.787128,1335700
2015-10-16,40.330002,40.439999,40.040001,40.369999,35.294201,1531500
2015-10-19,40.07,40.150002,39.93,40.119999,35.075638,1247600
2015-10-28,39.16,39.68,39.150002,39.599998,35.060703,1327500
2015-10-29,39.18,39.360001,38.98,39.23,34.73312,1454600
2015-12-10,38.689999,38.970001,38.610001,38.720001,34.281578,2910300
2016-01-06,37.150002,37.330002,36.990002,37.169998,32.909252,2970400
2016-01-07,36.549999,36.869999,36.290001,36.389999,32.218658,3062900
2016-01-15,34.689999,34.970001,34.369999,34.630001,30.660408,5174400
2016-01-29,34.799999,35.400002,34.650002,35.400002,31.342152,3303600
2016-02-01,34.400002,35.040001,34.32,34.950001,30.943731,3167600
2016-02-02,33.900002,33.900002,33.439999,33.549999,29.704208,3530200
2016-02-03,33.240002,33.360001,32.389999,33.349998,29.527134,5310100
2016-02-10,31.809999,32.34,31.709999,31.85,28.199076,4346500
2016-02-17,32.619999,32.860001,32.52,32.720001,28.969351,2613100
2016-02-19,31.99,32.32,31.83,32.18,28.491251,2952400
2016-02-22,31.450001,31.82,31.450001,31.6,27.977736,4041200
2016-02-23,31.700001,31.709999,31.08,31.09,27.526194,3298600
2016-02-24,30.33,30.860001,30.129999,30.85,27.313707,4904000
2016-02-25,31.24,31.48,31.0,31.469999,27.862637,3664100
2016-03-01,32.009998,32.400002,31.889999,32.279999,28.579784,4455500
2016-03-10,32.27,32.52,31.76,32.07,29.301592,2399600
2016-03-18,32.810001,32.889999,32.490002,32.630001,29.813251,2161900
2016-03-22,31.879999,32.150002,31.809999,32.0,29.237633,2416200
