2014-01-03,58.290001,58.950001,58.209999,58.66,53.47744,14214100
2014-01-06,59.16,59.470001,58.830002,59.0,53.787407,17550700
2014-01-07,59.290001,59.43,58.110001,58.32,53.16748,17851200
2014-01-08,58.540001,58.91,58.299999,58.869999,53.668892,14687400
2014-01-10,58.669998,58.759998,58.18,58.490002,53.322464,12694900
2014-01-13,58.509998,58.669998,57.529999,57.700001,52.602261,20711600
2014-01-15,57.73,59.650002,57.73,59.490002,54.234119,35186600
2014-01-16,58.790001,59.82,58.740002,58.990002,53.778294,21689400
2014-01-21,58.09,58.439999,57.580002,58.169998,53.030731,19548300
2014-01-22,58.330002,58.330002,57.419998,57.59,52.501987,15433500
2014-01-23,57.09,57.099998,56.209999,56.470001,51.48093,26234600
2014-01-24,56.0,56.360001,55.09,55.09,50.222847,26833100
2014-01-28,55.389999,56.34,55.240002,55.740002,50.815426,18041000
2014-01-30,56.07,56.389999,55.630001,56.0,51.052448,17031100
2014-01-31,55.5,56.110001,55.18,55.360001,50.468998,18174000
2014-02-03,55.5,55.919998,54.200001,54.310001,49.511765,28549900
2014-02-04,54.720001,55.349998,54.599998,54.950001,50.095222,20709300
2014-02-06,55.349998,56.549999,55.200001,56.48,51.490047,20881600
2014-02-11,56.610001,57.57,56.580002,57.43,52.356117,18774100
2014-02-13,57.07,58.099998,56.959999,58.029999,52.903103,16605500
2014-02-18,58.02,58.650002,57.900002,58.490002,53.322464,14983800
2014-02-19,58.360001,58.540001,57.220001,57.259998,52.201134,18669900
2014-02-20,57.529999,57.970001,57.27,57.580002,52.492863,12457000
2014-02-24,57.619999,58.23,57.580002,58.029999,52.903103,16151400
2014-02-25,57.900002,57.98,56.919998,57.029999,51.991455,17991800
2014-03-03,56.299999,56.419998,55.689999,56.209999,51.243893,19151000
2014-03-06,58.509998,59.09,58.400002,58.900002,53.696239,19420600
2014-03-07,59.349998,59.799999,59.07,59.400002,54.152077,18602200
2014-03-11,59.419998,59.450001,58.130001,58.189999,53.048969,19420000
2014-03-13,58.0,58.34,57.189999,57.419998,52.347,17192500
2014-03-18,57.82,58.16,57.619999,58.060001,52.930458,12554800
2014-03-20,58.360001,60.490002,58.130001,60.110001,54.799343,33736500
2014-03-24,60.369999,61.189999,60.349998,61.07,55.674522,25810500
2014-03-26,61.240002,61.400002,59.889999,59.900002,54.607903,22745200
2014-03-31,60.830002,61.02,60.599998,60.709999,55.346329,15216700
2014-04-04,61.02,61.060001,59.799999,59.810001,54.869518,16966900
2014-04-07,59.689999,60.0,58.84,59.0,54.126419,18685700
2014-04-09,59.099998,59.450001,58.5,59.27,54.374126,15308400
2014-04-10,59.349998,59.389999,57.380001,57.400002,52.658592,29977200
2014-04-11,55.18,56.049999,54.549999,55.299999,50.732056,47241300
2014-04-14,55.849998,55.939999,54.48,54.959999,50.420143,31081500
2014-04-16,55.0,55.349998,54.689999,55.259998,50.695354,27049400
2014-04-22,55.040001,56.080002,54.939999,55.810001,51.199932,16257600
2014-04-25,56.310001,56.349998,55.639999,55.700001,51.09901,15937700
2014-04-29,55.73,56.310001,55.57,56.099998,51.465969,13453400
2014-05-05,53.880001,54.740002,53.700001,54.220001,49.741268,25232300
2014-05-06,54.040001,54.060001,53.32,53.34,48.933956,25327400
2014-05-07,53.549999,54.119999,53.240002,54.049999,49.5853,18502600
2014-05-08,54.200001,54.529999,54.060001,54.360001,49.869698,16090800
2014-05-09,54.220001,54.310001,53.68,54.009998,49.548607,12366500
2014-05-12,54.27,54.700001,54.029999,54.650002,50.13575,12825500
2014-05-16,53.419998,53.509998,52.970001,53.310001,48.906437,19992400
2014-05-19,53.080002,53.91,53.060001,53.830002,49.383476,12068900
2014-05-21,54.049999,54.599998,53.98,54.119999,49.649525,13210200
2014-05-22,54.169998,54.599998,54.02,54.549999,50.044006,11800900
2014-05-27,54.75,55.43,54.689999,55.139999,50.58527,14503700
2014-05-28,55.09,55.599998,55.0,55.450001,50.869663,11374900
2014-06-05,55.91,56.66,55.490002,56.630001,51.95219,16803400
2014-06-06,56.759998,57.130001,56.650002,56.970001,52.264107,15399800
2014-06-09,56.91,57.669998,56.900002,57.419998,52.676929,11999700
2014-06-10,57.470001,57.939999,57.389999,57.900002,53.117283,11609200
2014-06-11,57.48,57.790001,56.98,57.27,52.539322,14232200
2014-07-02,57.27,57.48,56.82,56.970001,52.629463,19189900
2014-07-07,56.889999,56.990002,56.400002,56.669998,52.352318,13916100
2014-07-08,56.349998,56.470001,55.630001,55.759998,51.511658,18343400
2014-07-10,55.060001,55.810001,54.959999,55.560001,51.3269,12436600
2014-07-14,56.529999,56.84,56.200001,56.290001,52.00127,14004400
2014-07-15,57.950001,58.689999,57.759998,58.27,53.830402,36178000
2014-07-16,58.509998,58.98,58.310001,58.709999,54.236893,20507500
2014-07-17,58.560001,58.860001,57.759998,57.860001,53.451653,17013500
2014-07-18,58.330002,58.48,57.900002,58.23,53.793468,12803300
2014-07-22,58.419998,58.799999,58.369999,58.669998,54.199936,10375200
2014-07-23,58.759998,59.189999,58.52,59.0,54.504795,11122100
2014-07-29,59.130001,59.130001,58.439999,58.639999,54.172222,13498800
2014-07-31,58.650002,58.68,57.66,57.669998,53.276123,15955900
2014-08-04,56.91,56.98,56.34,56.650002,52.333851,13543900
2014-08-05,56.43,56.599998,55.599998,56.060001,51.788799,16863300
2014-08-13,56.689999,56.84,56.509998,56.720001,52.398514,7012600
2014-08-18,56.860001,57.43,56.759998,57.23,52.869648,8881400
2014-08-20,57.419998,57.849998,57.389999,57.639999,53.248413,8121400
2014-08-21,57.66,58.77,57.599998,58.5,54.042896,12745500
2014-08-25,58.98,59.830002,58.860001,59.34,54.81889,13996800
2014-08-26,59.57,59.950001,59.389999,59.740002,55.188416,10281100
2014-08-28,59.25,59.369999,58.810001,59.16,54.652603,9096100
2014-09-09,59.630001,59.68,58.779999,59.060001,54.56023,14868700
2014-09-12,59.799999,60.41,59.75,60.029999,55.456322,14359100
2014-09-18,60.540001,61.400002,60.540001,61.32,56.648033,16973700
2014-09-29,60.029999,60.5,59.73,60.330002,55.733467,10686500
2014-10-01,60.240002,60.400002,59.73,59.77,55.216129,18995800
2014-10-02,59.150002,59.490002,58.610001,58.84,54.723217,24559100
2014-10-03,59.25,60.389999,59.049999,60.299999,56.081062,18321100
2014-10-07,59.919998,59.919998,59.189999,59.27,55.123123,14542000
2014-10-08,59.360001,60.43,59.18,60.400002,56.174076,15834100
2014-10-09,60.330002,60.330002,58.889999,59.080002,54.946434,19189500
2014-10-10,59.029999,59.82,58.509998,58.52,54.425602,16689400
2014-10-13,58.5,59.150002,58.110001,58.16,54.09079,17169300
2014-10-15,57.02,57.380001,54.259998,55.529999,51.644798,37866900
2014-10-16,54.75,55.98,54.279999,55.080002,51.226288,31965100
2014-10-17,55.73,56.779999,55.57,56.200001,52.267925,20183500
2014-10-20,56.099998,56.75,56.07,56.630001,52.667835,10807600
2014-10-21,57.23,58.009998,57.080002,57.93,53.876877,14020400
2014-10-22,58.040001,58.259998,57.439999,57.450001,53.430466,13750700
2014-10-28,58.869999,59.689999,58.810001,59.630001,55.457943,13625000
2014-11-04,60.240002,60.369999,59.419998,60.25,56.034561,15295800
2014-11-05,60.799999,61.23,60.389999,61.150002,56.871597,14063800
2014-11-14,60.25,60.619999,60.18,60.279999,56.062466,6803400
2014-11-24,60.700001,61.310001,60.700001,60.959999,56.694889,8335000
2014-11-25,61.16,61.16,59.950001,60.299999,56.081062,14802600
2014-12-02,60.009998,61.189999,60.0,61.080002,56.806492,12546600
2014-12-03,60.959999,61.619999,60.810001,61.540001,57.234306,12115500
2014-12-08,62.599998,63.16,62.259998,62.669998,58.285244,15528200
2014-12-10,62.16,62.240002,60.369999,60.68,56.434471,29620600
2014-12-11,61.169998,62.060001,61.110001,61.139999,56.862286,16886200
2014-12-16,58.419998,59.860001,58.110001,58.43,54.341904,20709700
2014-12-17,58.57,59.830002,58.34,59.77,55.588146,17856400
2014-12-18,60.639999,61.48,60.439999,61.48,57.178501,18173400
2014-12-19,61.400002,62.349998,61.369999,61.93,57.597019,22756400
2014-12-23,62.049999,62.970001,61.93,62.48,58.108536,13552600
2014-12-29,62.419998,63.34,62.25,62.959999,58.554955,10601200
2015-01-02,62.18,62.959999,62.07,62.490002,58.491711,12600000
2015-01-05,62.060001,62.279999,60.23,60.549999,56.675838,20100600
2015-01-06,60.639999,60.75,58.349998,58.98,55.206284,29074100
2015-01-08,59.970001,60.900002,59.970001,60.389999,56.526073,16971100
2015-01-09,60.720001,60.790001,59.290001,59.34,55.543251,15396200
2015-01-12,59.279999,59.400002,58.27,58.830002,55.065887,15455200
2015-01-14,58.84,58.84,55.27,56.810001,53.175133,49394500
2015-01-15,55.73,56.610001,54.5,54.990002,51.471577,42458100
2015-01-16,54.66,56.0,54.639999,55.93,52.351437,29368900
2015-01-22,56.380001,57.73,55.959999,57.59,53.905224,31423500
2015-01-23,57.720001,57.869999,56.66,56.68,53.053448,15458300
2015-01-29,55.27,55.889999,54.68,55.669998,52.108074,20393300
2015-01-30,54.990002,55.5,54.369999,54.380001,50.900612,26943700
2015-02-02,54.529999,55.650002,54.27,55.470001,51.920868,20308900
2015-02-03,55.91,56.779999,55.869999,56.720001,53.090889,18812500
2015-02-04,56.32,57.07,56.279999,56.380001,52.77264,14934100
2015-02-05,56.860001,57.040001,56.459999,56.77,53.137688,11293900
2015-02-06,57.75,58.73,57.540001,57.889999,54.186024,25214000
2015-02-10,58.419998,58.709999,58.049999,58.459999,54.719551,16367300
2015-02-12,58.93,59.709999,58.549999,59.57,55.758537,23211300
2015-02-17,59.360001,60.139999,59.32,60.099998,56.25462,15308800
2015-02-18,60.099998,60.099998,59.119999,59.369999,55.571339,14278100
2015-02-20,58.959999,59.889999,58.349998,59.799999,55.97382,15379000
2015-02-23,59.5,59.529999,58.799999,59.349998,55.552612,16814000
2015-02-24,60.25,61.25,60.080002,60.82,56.928566,22937700
2015-02-26,61.029999,61.700001,60.91,61.580002,57.639931,15444800
2015-03-02,61.279999,61.830002,61.029999,61.77,57.81778,13047300
2015-03-06,62.16,62.869999,60.799999,60.889999,56.99408,22719200
2015-03-10,60.759998,61.009998,59.959999,59.959999,56.123585,16357700
2015-03-12,60.650002,61.450001,60.650002,61.369999,57.443363,18159600
2015-03-13,61.400002,61.860001,60.43,61.0,57.097046,16506200
2015-03-16,61.5,61.919998,61.25,61.849998,57.892662,15182900
2015-03-19,61.57,61.650002,60.759998,61.200001,57.284241,11523800
2015-03-20,61.32,62.099998,61.150002,61.75,57.799057,18368300
2015-03-23,61.75,62.080002,61.119999,61.139999,57.228085,15112900
2015-03-24,60.970001,61.240002,60.450001,60.459999,56.591591,12128700
2015-03-25,60.529999,60.639999,59.59,59.610001,55.795982,14950900
2015-03-30,60.880001,61.459999,60.610001,60.959999,57.059601,20656500
2015-03-31,60.720001,60.939999,60.419998,60.580002,56.703922,17346700
2015-04-01,60.41,60.57,59.73,59.950001,56.487198,18100600
2015-04-02,60.07,60.700001,60.0,60.52,57.024281,12697800
2015-04-07,61.150002,61.5,60.849998,60.849998,57.335213,11505500
2015-04-09,61.27,61.580002,60.830002,61.470001,57.919403,11728500
2015-04-13,61.639999,62.27,61.5,62.07,58.484741,15468700
2015-04-14,62.959999,63.610001,62.740002,63.040001,59.398724,33775400
2015-04-15,63.080002,64.480003,63.009998,64.209999,60.501137,28732200
2015-04-17,63.25,63.400002,62.490002,62.84,59.210266,20221200
2015-04-20,63.220001,63.52,63.139999,63.240002,59.587162,12755300
2015-04-21,63.330002,63.599998,62.130001,62.310001,58.710888,14985100
2015-04-22,62.650002,63.150002,62.029999,62.939999,59.304493,14484700
2015-04-30,63.580002,63.880001,62.919998,63.259998,59.606014,16840900
2015-05-04,63.68,64.870003,63.639999,64.720001,60.981682,14972500
2015-05-06,64.529999,65.07,63.419998,63.919998,60.227879,18087900
2015-05-07,63.669998,64.599998,63.25,64.5,60.774384,15039900
2015-05-08,64.970001,65.650002,64.599998,65.489998,61.707195,16802600
2015-05-14,65.830002,66.18,65.709999,66.050003,62.234848,11855500
2015-05-18,65.800003,66.540001,65.800003,66.419998,62.583481,10510900
2015-05-26,66.199997,66.290001,65.309998,65.730003,61.933342,15571300
2015-05-27,65.949997,66.650002,65.82,66.470001,62.630596,10963700
2015-05-29,66.18,66.220001,65.360001,65.779999,61.980457,14310700
2015-06-03,66.43,67.129997,66.269997,66.699997,62.847298,12832500
2015-06-04,66.309998,67.050003,66.010002,66.330002,62.498684,13863300
2015-06-08,67.459999,67.550003,66.809998,66.889999,63.026337,14558700
2015-06-10,67.589996,68.5,67.470001,68.260002,64.3172,17478900
2015-06-16,67.769997,68.519997,67.620003,68.370003,64.420853,11692800
2015-06-18,68.349998,68.82,67.900002,68.779999,64.807159,16759600
2015-06-19,68.459999,68.669998,67.919998,68.080002,64.147598,21606400
2015-06-22,68.870003,69.290001,68.75,68.959999,64.976776,14306700
2015-06-25,69.32,69.470001,68.639999,68.650002,64.684669,13314300
2015-06-29,67.68,68.260002,67.160004,67.199997,63.31842,19934400
2015-06-30,67.889999,68.110001,67.160004,67.760002,63.846077,20677400
2015-07-06,66.879997,67.459999,66.540001,67.330002,63.85556,13527100
2015-07-07,67.089996,67.220001,65.300003,66.800003,63.352921,22421500
2015-07-13,67.889999,68.139999,67.68,68.089996,64.576347,16175600
2015-07-14,67.980003,69.099998,67.760002,69.040001,65.477333,20185100
2015-07-17,69.349998,69.489998,68.919998,69.209999,65.63855,14040700
2015-07-22,69.279999,70.290001,69.199997,70.080002,66.463661,15493000
2015-07-23,70.190002,70.610001,69.459999,69.639999,66.046356,14331800
2015-07-24,69.440002,69.559998,68.68,68.910004,65.354034,12413900
2015-07-28,68.550003,68.599998,67.769997,68.050003,64.538414,14932400
2015-07-29,68.32,69.099998,68.160004,68.940002,65.382477,13059200
2015-07-31,69.010002,69.040001,68.400002,68.529999,64.993637,11911800
2015-08-06,68.75,68.940002,68.0,68.25,64.728096,10803400
2015-08-10,68.220001,69.010002,68.220001,68.889999,65.335068,12661400
2015-08-11,68.230003,68.400002,67.849998,68.230003,64.709129,14800300
2015-08-12,67.410004,67.550003,66.07,67.239998,63.770214,21069000
2015-08-17,67.620003,68.239998,67.400002,68.07,64.557373,10326500
2015-08-19,67.93,68.309998,67.360001,67.599998,64.111633,15166900
2015-08-20,66.809998,67.040001,65.940002,65.940002,62.537289,20972300
2015-08-21,65.089996,65.440002,63.57,63.599998,60.318043,28235500
2015-08-24,59.290001,62.919998,50.07,60.25,57.140915,36339100
2015-08-25,63.099998,63.32,59.73,59.91,56.818459,31772500
2015-08-26,61.799999,62.98,60.549999,62.91,59.663651,33576800
2015-08-27,63.98,64.730003,63.139999,64.480003,61.152634,29045700
2015-08-28,64.290001,64.459999,63.599998,64.129997,60.820694,16687300
2015-09-01,62.849998,62.849998,60.990002,61.450001,58.278992,23637300
2015-09-02,62.619999,62.91,61.540001,62.57,59.341198,17757900
2015-09-04,61.799999,61.919998,60.75,61.5,58.326412,20189000
2015-09-08,62.77,63.200001,62.330002,63.16,59.900745,13385100
2015-09-09,63.939999,64.339996,62.0,62.18,58.971321,13889500
2015-09-10,61.860001,63.0,61.450001,62.66,59.426552,15751100
2015-09-15,62.759998,63.889999,62.509998,63.580002,60.299084,14023500
2015-09-16,63.889999,64.290001,63.209999,64.139999,60.830181,12235900
2015-09-22,60.599998,61.09,60.419998,60.91,57.766857,14811900
2015-09-24,60.009998,60.380001,59.459999,60.220001,57.112465,17293400
2015-09-25,61.27,61.860001,60.869999,61.470001,58.297958,18384300
2015-09-28,60.919998,61.009998,59.689999,59.98,56.88485,17452200
2015-09-30,60.700001,61.0,60.110001,60.970001,57.823765,18743800
2015-10-01,61.119999,61.869999,60.540001,61.419998,58.250542,16863200
2015-10-02,59.59,60.860001,58.529999,60.810001,58.08815,20435100
2015-10-05,61.240002,62.240002,61.220001,62.02,59.243992,13471100
2015-10-14,60.759998,60.970001,59.540001,59.990002,57.304855,28989400
2015-10-15,60.470001,61.959999,60.099998,61.889999,59.119812,18147900
2015-10-16,62.43,62.650002,62.09,62.43,59.635635,17456600
2015-10-21,62.880001,62.959999,62.049999,62.060001,59.282196,12113400
2015-10-22,62.419998,63.580002,62.419998,63.189999,60.361614,15295700
2015-10-23,63.630001,64.190002,63.5,63.869999,61.011181,16985200
2015-10-28,63.700001,65.739998,63.689999,65.5,62.568222,17962000
2015-10-30,65.300003,65.339996,64.129997,64.25,61.374168,15731400
2015-11-02,64.449997,65.75,64.389999,65.540001,62.60643,15253300
2015-11-05,65.790001,66.669998,65.75,66.440002,63.466148,12715900
2015-11-06,68.370003,69.029999,68.099998,68.459999,65.395737,23262700
2015-11-09,68.699997,68.720001,67.080002,67.389999,64.373634,17143800
2015-11-12,66.860001,66.900002,65.949997,66.0,63.045845,13576900
2015-11-13,65.839996,66.169998,65.230003,65.559998,62.625534,11837000
2015-11-16,65.459999,66.580002,65.169998,66.510002,63.53302,11041100
2015-11-17,66.669998,66.739998,65.889999,66.129997,63.170025,12354800
2015-11-18,66.480003,67.550003,66.370003,67.449997,64.430931,12911400
2015-11-23,67.309998,67.580002,66.779999,66.879997,63.886452,11339000
2015-12-01,67.339996,67.830002,66.989998,67.610001,64.583771,12708800
2015-12-02,67.830002,67.879997,66.480003,66.660004,63.676319,13440900
2015-12-04,66.099998,68.0,66.029999,67.889999,64.85125,17786000
2015-12-08,66.25,66.959999,65.699997,65.959999,63.007633,13084500
2015-12-09,65.610001,66.580002,65.040001,65.459999,62.53001,16770200
2015-12-11,64.800003,65.160004,63.509998,64.07,61.202229,17889300
2015-12-22,65.919998,66.0,64.980003,65.68,62.740162,12149500
2015-12-23,66.120003,66.849998,66.050003,66.730003,63.743172,12524500
2015-12-28,66.290001,66.449997,65.709999,66.379997,63.408833,6610600
2015-12-29,66.839996,67.300003,66.739998,67.07,64.06794,9820800
2015-12-31,66.190002,66.779999,66.0,66.029999,63.074501,14490200
2016-01-04,63.950001,64.059998,63.009998,63.619999,61.18005,25393200
2016-01-06,62.720001,63.130001,62.34,62.810001,60.401123,22961500
2016-01-07,61.459999,62.0,60.080002,60.27,57.958534,27630900
2016-01-11,58.830002,59.220001,58.040001,58.830002,56.573753,20925500
2016-01-13,59.459999,59.68,56.91,57.34,55.1409,28808100
2016-01-14,58.16,59.380001,57.290001,58.200001,55.967922,31296300
2016-01-15,56.450001,57.57,56.220001,57.040001,54.852406,37573000
2016-01-20,55.630001,56.18,54.66,55.509998,53.381088,34646100
2016-01-22,56.439999,57.16,56.299999,56.950001,54.765858,22732200
2016-01-25,56.48,56.849998,55.599998,55.66,53.525337,21114400
2016-01-27,57.080002,58.27,56.560001,57.040001,54.852406,20560000
2016-01-29,57.830002,59.540001,57.509998,59.5,57.218063,26992200
2016-02-01,59.16,59.650002,58.439999,58.860001,56.602608,16807900
2016-02-02,57.880001,57.98,56.75,57.029999,54.842789,22448200
2016-02-03,57.369999,57.799999,55.02,57.41,55.208214,31543200
2016-02-04,57.060001,58.52,57.060001,58.400002,56.160255,21651300
2016-02-05,58.580002,59.139999,57.419998,57.75,55.535179,22001300
2016-02-08,56.689999,56.919998,55.540001,56.540001,54.371586,28267600
2016-02-09,55.290001,56.689999,55.130001,56.200001,54.044624,26300000
2016-02-10,56.57,57.41,55.470001,55.52,53.390701,22389600
2016-02-11,53.900002,53.91,52.5,53.07,51.03466,44334700
2016-02-12,55.650002,57.57,55.169998,57.490002,55.285152,37011400
2016-02-16,58.23,58.599998,57.639999,58.349998,56.112164,23730700
2016-02-17,58.849998,59.25,58.389999,58.77,56.516064,21580100
2016-02-18,58.84,58.860001,57.25,57.810001,55.59288,17037800
2016-02-22,58.509998,58.880001,58.419998,58.57,56.32373,14882800
2016-02-23,57.900002,58.09,55.959999,56.119999,53.96769,31772500
2016-02-25,56.130001,57.029999,56.040001,57.009998,54.823563,14473300
2016-02-26,57.639999,58.110001,57.139999,57.540001,55.333233,20947500
2016-03-01,56.759998,59.200001,56.669998,59.200001,56.929565,23958100
2016-03-03,59.580002,59.959999,59.099998,59.959999,57.660416,15790600
2016-03-08,59.209999,59.5,58.68,58.779999,56.525681,14132900
2016-03-09,59.150002,59.540001,58.68,59.119999,56.852634,13238800
2016-03-10,59.59,59.669998,57.810001,58.610001,56.362198,21139200
2016-03-11,59.389999,59.509998,58.650002,59.34,57.064198,21055000
2016-03-18,60.049999,60.970001,59.66,60.48,58.16048,29570200
2016-03-24,59.299999,59.509998,58.869999,59.48,57.19883,12921200
2016-03-31,59.450001,59.93,59.110001,59.220001,56.948803,14904700
