2014-01-08,95.550003,95.709999,95.0,95.410004,84.820076,7669800
2014-01-13,95.830002,95.830002,94.589996,94.830002,84.304459,5753200
2014-01-24,94.730003,95.959999,94.389999,94.43,83.948868,6944800
2014-01-29,93.959999,94.300003,92.870003,93.150002,82.810921,8013500
2014-01-31,93.050003,94.550003,92.949997,94.169998,83.717712,5972500
2014-02-04,92.860001,93.470001,92.589996,93.089996,82.757576,6300400
2014-02-06,93.870003,95.190002,93.690002,94.940002,84.402245,5356900
2014-02-07,95.089996,95.949997,94.620003,95.919998,85.273483,6591200
2014-02-10,95.75,95.93,94.519997,94.860001,84.331116,6968200
2014-02-14,95.300003,95.970001,95.110001,95.779999,85.149017,3532900
2014-02-21,96.040001,97.0,96.040001,96.449997,85.744644,5284300
2014-02-27,95.239998,95.410004,94.650002,95.080002,85.246796,4179600
2014-03-03,94.239998,94.800003,94.0,94.32,84.565399,5149300
2014-03-05,95.339996,95.610001,94.940002,95.019997,85.193008,3913300
2014-03-11,95.940002,98.919998,95.709999,98.779999,88.564156,16354400
2014-03-17,98.139999,98.199997,97.459999,97.599998,87.50618,5554300
2014-03-20,95.940002,96.949997,95.809998,96.599998,86.609596,4242600
2014-03-28,96.269997,97.440002,96.209999,97.239998,87.183403,4344100
2014-03-31,97.440002,98.449997,97.300003,98.029999,87.891701,4853300
2014-04-10,98.550003,99.849998,98.160004,99.43,89.146912,8873000
2014-04-14,99.660004,100.160004,99.32,100.110001,89.756592,6155900
2014-04-15,100.699997,100.940002,100.07,100.830002,90.402138,5882400
2014-04-17,100.730003,101.0,100.25,100.25,89.882111,4545200
2014-04-21,99.800003,100.389999,99.25,99.669998,89.362091,6357000
2014-04-24,99.519997,100.099998,99.129997,99.839996,89.514503,4764900
2014-04-25,99.849998,100.75,99.389999,100.730003,90.312469,5047100
2014-04-29,100.209999,101.779999,99.809998,101.5,91.002838,6626100
2014-05-07,101.260002,102.110001,100.949997,101.959999,91.415253,4322600
2014-05-09,101.849998,102.949997,101.82,102.93,92.28495,3649400
2014-05-13,103.32,103.620003,102.5,103.529999,92.822899,3955400
2014-05-15,102.779999,103.0,102.150002,102.5,91.899414,3810800
2014-05-16,102.550003,103.389999,102.349998,103.139999,92.473228,5081000
2014-05-19,102.809998,102.830002,101.739998,102.089996,91.531822,3859800
2014-05-20,102.050003,102.440002,101.440002,101.529999,91.029739,3123700
2014-05-21,101.709999,102.580002,101.550003,102.559998,91.953224,2735600
2014-05-28,101.839996,102.040001,100.870003,101.300003,90.823524,8930700
2014-06-02,101.389999,102.5,101.32,102.029999,92.21537,3001400
2014-06-03,101.639999,102.0,101.410004,101.449997,91.69117,3363500
2014-06-04,101.360001,102.470001,101.269997,102.440002,92.585945,3589200
2014-06-09,101.589996,102.0,101.18,101.379997,91.627914,3802600
2014-06-12,100.410004,101.010002,99.540001,99.760002,90.163742,5609100
2014-06-13,99.410004,100.589996,99.410004,100.489998,90.823517,4014600
2014-06-20,102.199997,102.300003,101.660004,101.919998,92.115974,5418100
2014-06-30,101.269997,101.480003,100.5,100.739998,91.049469,4265700
2014-07-07,100.75,100.75,99.82,100.169998,90.534309,3951700
2014-07-09,100.300003,101.25,100.260002,101.07,91.347725,5604900
2014-07-16,99.650002,99.800003,98.760002,99.269997,89.720871,7128700
2014-07-17,98.959999,99.089996,98.349998,98.370003,88.907455,4099100
2014-07-21,98.519997,98.629997,97.550003,97.550003,88.166344,6510600
2014-07-22,95.389999,96.849998,95.099998,96.269997,87.00946,12398100
2014-07-23,95.510002,95.82,94.82,95.349998,86.177948,9483200
2014-07-31,95.220001,95.360001,94.559998,94.559998,85.463943,6826000
2014-08-08,93.07,93.839996,92.919998,93.550003,84.551094,6505900
2014-08-27,94.230003,94.68,93.599998,94.650002,85.545288,9027300
2014-09-02,93.239998,93.699997,92.690002,92.800003,84.597221,6727100
2014-09-08,92.800003,92.82,92.199997,92.5,84.32373,5251900
2014-09-09,92.599998,92.699997,90.959999,91.089996,83.038376,9795200
2014-09-10,90.839996,93.059998,90.529999,93.0,84.779549,12031400
2014-09-19,93.949997,94.93,93.800003,94.360001,86.019325,9043100
2014-09-29,94.260002,97.300003,93.980003,96.220001,87.714928,16489100
2014-09-30,96.230003,96.360001,94.339996,94.809998,86.42955,10036400
2014-10-01,94.370003,95.080002,94.010002,94.190002,85.864357,5334600
2014-10-07,93.510002,93.540001,92.800003,92.809998,84.606331,6093800
2014-10-08,93.080002,93.949997,92.809998,93.830002,85.536179,5586600
2014-10-10,92.760002,93.449997,92.300003,92.300003,84.141418,5844900
2014-10-13,92.129997,92.419998,90.660004,90.730003,82.71019,6173800
2014-10-17,90.410004,91.139999,89.639999,91.040001,82.992798,7074500
2014-10-28,92.480003,92.599998,91.690002,92.599998,84.414886,5083000
2014-10-30,92.57,93.389999,92.489998,93.379997,85.125961,3965500
2014-11-05,95.0,95.07,94.389999,94.639999,86.274574,4123800
2014-11-25,97.199997,97.339996,96.849998,97.0,88.425964,5369000
2014-11-26,96.360001,96.389999,95.919998,96.220001,88.490356,3667800
2014-12-02,95.209999,97.0,94.760002,95.110001,87.469528,10389700
2014-12-04,95.389999,95.989998,95.139999,95.660004,87.975342,5149300
2014-12-08,93.410004,97.5,92.230003,92.610001,85.170357,11792700
2014-12-09,91.300003,92.0,91.010002,91.360001,84.020767,10066800
2014-12-10,91.040001,91.290001,89.510002,90.0,82.77002,12020800
2014-12-11,90.089996,91.150002,90.019997,90.970001,83.662109,8972700
2014-12-15,90.959999,91.099998,88.25,88.459999,81.353737,10121600
2014-12-17,88.93,92.050003,88.5,91.650002,84.287476,14010000
2014-12-18,92.279999,93.739998,91.650002,93.669998,86.145203,11277100
2014-12-29,94.32,95.459999,94.269997,95.040001,87.405151,4183200
2014-12-30,94.849998,95.0,94.07,94.25,86.678612,3257700
2014-12-31,93.75,94.800003,93.57,93.699997,86.172783,4589300
2015-01-06,92.669998,93.809998,91.879997,92.400002,84.977226,6484100
2015-01-07,93.260002,94.050003,92.860001,94.010002,86.457886,6400300
2015-01-09,93.970001,93.970001,92.779999,93.209999,85.72216,4283300
2015-01-20,91.639999,91.879997,90.230003,90.800003,83.505753,6967300
2015-01-23,90.919998,91.639999,89.43,89.559998,82.365356,11496000
2015-01-26,89.389999,90.699997,89.290001,90.669998,83.386208,7753300
2015-01-27,89.959999,90.309998,89.559998,89.57,82.374573,6640800
2015-01-28,89.739998,89.82,88.769997,88.779999,81.648033,6921300
2015-01-29,91.5,93.5,91.260002,93.269997,85.777336,19146900
2015-01-30,92.650002,93.300003,92.309998,92.440002,85.014008,12385400
2015-02-03,92.639999,93.980003,92.449997,93.919998,86.375114,7373000
2015-02-09,93.300003,93.449997,92.540001,92.720001,85.271523,8203000
2015-02-10,93.330002,94.230003,92.970001,94.019997,86.467079,4697600
2015-02-13,95.400002,95.849998,94.93,95.650002,87.966164,6762200
2015-02-17,95.120003,95.389999,94.089996,94.349998,86.770561,5972000
2015-02-25,94.910004,99.309998,94.860001,98.660004,90.734344,16751600
2015-02-26,97.43,99.879997,97.0,99.510002,92.311371,16098800
2015-02-27,99.169998,99.300003,98.489998,98.900002,91.745491,7552500
2015-03-02,98.900002,101.089996,98.309998,100.0,92.765907,12363300
2015-03-05,99.010002,99.919998,98.459999,99.110001,91.9403,9438800
2015-03-06,98.269997,98.989998,96.959999,97.129997,90.103531,9677900
2015-03-09,96.809998,98.25,96.809998,97.709999,90.641579,8460300
2015-03-10,96.910004,97.120003,96.099998,96.290001,89.324295,7838900
2015-03-11,96.300003,96.769997,94.940002,94.959999,88.0905,9391100
2015-03-13,96.239998,97.050003,95.75,96.349998,89.379959,5152800
2015-03-16,96.93,97.470001,96.739998,97.150002,90.122078,4772200
2015-03-17,96.900002,97.150002,95.989998,96.169998,89.212982,4530700
2015-03-24,98.459999,99.839996,98.07,99.360001,92.172203,7549900
2015-03-26,97.599998,97.970001,96.199997,97.639999,90.576637,10445800
2015-03-27,97.360001,97.849998,96.769997,96.959999,89.945824,4642400
2015-03-30,97.43,98.32,97.370003,97.879997,90.799263,4074500
2015-04-01,96.809998,97.019997,96.0,96.290001,89.324295,7484800
2015-04-14,97.160004,97.739998,96.970001,97.580002,90.520973,4961100
2015-04-15,97.0,97.550003,96.279999,96.440002,89.46344,6604400
2015-04-17,95.129997,95.349998,94.459999,94.879997,88.016312,6933600
2015-04-20,95.0,96.260002,95.0,96.18,89.22226,4382400
2015-04-21,96.190002,96.550003,94.540001,94.870003,88.007027,5981700
2015-04-22,97.0,99.349998,96.239998,97.839996,90.762161,19254300
2015-04-23,97.440002,97.519997,96.559998,97.0,89.982941,6336500
2015-04-24,96.989998,99.080002,96.839996,98.739998,91.597069,7741300
2015-04-27,98.739998,98.940002,96.260002,96.440002,89.46344,7282700
2015-05-01,96.730003,97.970001,96.730003,97.800003,90.725067,6280300
2015-05-04,96.57,98.629997,96.050003,96.129997,89.175865,8426300
2015-05-08,98.190002,99.150002,97.790001,98.230003,91.12397,7543100
2015-05-11,98.07,98.389999,97.150002,97.510002,90.456039,4123700
2015-05-13,98.07,98.489998,97.279999,97.349998,90.307617,6526900
2015-05-15,97.739998,99.040001,97.540001,98.040001,90.947701,7607200
2015-05-21,99.889999,99.959999,99.059998,99.279999,92.098007,4729500
2015-05-26,98.849998,99.199997,98.040001,98.459999,91.337318,7123100
2015-05-28,98.0,98.209999,96.199997,96.480003,90.278351,10204000
2015-05-29,97.589996,97.769997,95.839996,95.93,89.763687,6439100
2015-06-08,96.0,96.040001,95.25,95.32,89.192917,4594600
2015-06-09,95.519997,95.559998,94.489998,94.730003,88.640823,7770900
2015-06-10,95.019997,95.629997,94.809998,95.300003,89.174194,4828600
2015-06-12,95.419998,95.550003,95.0,95.059998,88.949615,3702400
2015-06-17,94.540001,95.519997,94.540001,95.220001,89.099327,3941000
2015-06-18,95.690002,96.629997,95.279999,96.169998,89.988266,5101000
2015-06-22,96.309998,97.029999,96.139999,96.870003,90.643272,3893300
2015-06-25,96.699997,96.910004,95.779999,95.790001,89.632698,4322300
2015-07-02,96.129997,96.599998,95.580002,96.169998,89.988266,3250900
2015-07-06,95.889999,96.279999,95.25,95.650002,89.501694,3852500
2015-07-09,96.639999,97.269997,96.440002,96.489998,90.287697,5247100
2015-07-10,97.25,97.779999,96.949997,97.650002,91.373131,5179200
2015-07-15,98.150002,99.629997,97.849998,99.07,92.701851,7572500
2015-07-16,99.110001,99.110001,97.209999,97.860001,91.569633,7696200
2015-07-23,98.900002,99.0,96.150002,97.089996,90.849129,10380700
2015-07-24,97.410004,97.410004,96.089996,96.099998,89.922768,5554600
2015-07-28,96.480003,97.419998,96.32,97.330002,91.073708,4863000
2015-07-30,97.589996,99.339996,97.589996,99.169998,92.795425,5372500
2015-08-11,98.690002,99.160004,98.400002,98.809998,92.458565,3585000
2015-08-13,98.07,99.82,97.989998,99.370003,92.982582,4636400
2015-08-17,99.0,100.910004,98.919998,100.660004,94.189651,5204100
2015-08-20,100.730003,101.0,99.739998,99.760002,93.347511,6668000
2015-08-21,99.379997,99.389999,97.129997,97.129997,90.886559,10980000
2015-08-24,91.580002,95.879997,87.5,92.870003,86.900375,15074800
2015-08-27,95.879997,97.370003,95.57,97.330002,91.073708,10187100
2015-08-28,96.050003,96.660004,95.790001,96.25,90.856598,5606000
2015-08-31,95.769997,95.879997,94.849998,95.019997,89.695511,5086600
2015-09-01,92.769997,94.279999,92.599998,93.470001,88.232368,7308400
2015-09-02,95.629997,96.120003,94.550003,96.040001,90.658363,6908100
2015-09-08,96.309998,96.879997,95.489998,96.779999,91.356888,5771100
2015-09-09,97.290001,97.389999,95.220001,95.43,90.082535,5129400
2015-09-11,95.470001,97.419998,95.260002,97.410004,91.951599,6656300
2015-09-16,98.650002,98.739998,97.529999,98.690002,93.159866,5198700
2015-09-21,97.480003,98.169998,97.010002,97.900002,92.414139,4543500
2015-09-22,97.120003,98.080002,96.709999,97.199997,91.753357,6254500
2015-09-30,98.209999,98.699997,97.760002,98.529999,93.008827,5517600
2015-10-02,97.330002,99.809998,97.129997,99.790001,94.198227,4400800
2015-10-05,100.269997,101.639999,100.199997,101.169998,95.500893,6501600
2015-10-06,101.260002,102.300003,101.160004,101.900002,96.189987,7252400
2015-10-08,101.849998,103.470001,101.769997,102.949997,97.18116,8218900
2015-10-14,104.150002,104.93,102.43,102.82,97.058426,9093000
2015-10-15,102.57,105.199997,101.599998,103.660004,97.851379,10168300
2015-10-16,104.720001,105.010002,103.410004,104.82,98.946381,7168300
2015-10-20,104.050003,104.349998,103.419998,103.839996,98.021271,4851800
2015-10-21,103.980003,104.25,102.080002,102.540001,96.794136,7979600
2015-10-22,110.400002,111.0,108.379997,110.870003,104.657356,25286600
2015-10-23,111.18,112.870003,111.099998,112.589996,106.28096,11677300
2015-10-28,111.690002,112.949997,111.400002,112.940002,106.611351,4390300
2015-11-11,113.669998,114.43,113.540001,113.849998,107.47036,8387800
2015-11-12,113.5,113.739998,112.059998,112.110001,105.827881,5893800
2015-11-13,111.849998,112.360001,109.910004,109.970001,103.807777,8602400
2015-11-16,109.849998,111.059998,109.599998,111.059998,104.8367,6731800
2015-11-18,111.300003,112.589996,110.839996,112.529999,106.224327,5194500
2015-11-19,112.529999,113.709999,112.300003,113.300003,106.951195,5323500
2015-12-02,114.099998,114.269997,113.449997,113.720001,108.189331,5692200
2015-12-08,115.949997,116.860001,115.260002,116.529999,110.862671,4814200
2015-12-14,116.169998,117.07,114.650002,116.260002,110.605804,7660700
2015-12-21,116.959999,117.739998,116.610001,117.690002,111.966255,3344600
2015-12-23,118.019997,118.849998,117.75,118.800003,113.02227,3641900
2015-12-29,119.0,120.230003,118.82,120.07,114.230515,3213900
2015-12-30,119.639999,119.989998,119.230003,119.43,113.621628,2400800
2015-12-31,118.82,119.18,117.940002,118.139999,112.394363,3537000
2016-01-05,117.410004,119.230003,117.290001,119.199997,113.402809,6314000
2016-01-06,118.0,119.269997,117.809998,118.400002,112.641731,6543800
2016-01-07,117.440002,117.970001,115.589996,115.660004,110.034988,7477900
2016-01-12,117.029999,117.739998,116.169998,117.440002,111.728409,5639700
2016-01-13,117.690002,117.870003,115.080002,115.120003,109.52124,6986000
2016-01-14,115.589996,117.129997,113.0,116.620003,110.948303,9204500
2016-01-15,114.260002,116.449997,114.209999,115.18,109.578323,10070500
2016-01-19,116.629997,117.709999,115.959999,117.5,111.7855,9195300
2016-01-20,116.970001,118.0,114.379997,115.779999,110.149139,11905200
2016-01-21,116.510002,118.440002,115.790001,117.839996,112.108955,9839100
2016-01-25,121.849998,121.900002,118.199997,119.199997,113.402809,15141500
2016-01-26,119.599998,121.300003,119.0,120.43,114.572998,8326100
2016-01-29,122.769997,124.349998,122.75,123.779999,117.760063,10549900
2016-02-03,124.360001,124.580002,120.839996,121.470001,115.562416,9327000
2016-02-04,121.040001,121.239998,118.720001,120.660004,114.791817,7595000
2016-02-09,115.540001,117.800003,115.349998,117.010002,111.319321,7525700
2016-02-11,115.739998,117.5,115.690002,116.730003,111.052948,7568600
2016-02-12,116.720001,118.330002,116.099998,117.93,112.19458,8552800
2016-02-16,118.419998,119.18,117.599998,119.18,113.383797,10835800
2016-02-18,118.809998,119.459999,116.93,117.169998,111.471542,9707100
2016-02-19,117.0,117.349998,115.809998,116.529999,110.862671,10793700
2016-02-22,116.529999,118.160004,116.529999,117.669998,111.947227,6223300
2016-02-23,117.349998,118.150002,116.849998,116.900002,111.214676,5276700
2016-02-25,117.43,118.5,117.160004,118.370003,112.613174,6034000
2016-02-26,117.980003,118.269997,116.169998,117.059998,112.210571,5193700
2016-03-02,118.559998,118.730003,117.660004,118.480003,113.571747,4267700
2016-03-03,117.480003,117.480003,115.32,116.690002,111.855904,9132000
2016-03-08,116.209999,119.080002,116.209999,118.419998,113.514236,6236200
2016-03-09,119.239998,120.199997,118.459999,119.639999,114.683693,6428200
2016-03-11,120.489998,122.010002,120.360001,121.550003,116.514572,7042300
2016-03-16,123.330002,124.059998,122.669998,123.519997,118.402954,6716700
2016-03-18,123.43,124.120003,122.75,124.080002,118.939751,14783800
2016-03-24,123.690002,124.0,122.660004,123.290001,118.182487,5796700
2016-03-29,123.43,124.57,123.339996,123.970001,118.83432,7188200
2016-03-30,124.900002,126.099998,124.599998,125.830002,120.617264,4853700
