2014-01-13,80.940002,81.199997,80.330002,80.389999,70.236633,1175300
2014-01-15,80.760002,81.089996,80.510002,80.839996,70.629799,1533000
2014-01-24,80.410004,80.5,79.650002,79.839996,69.756096,2208400
2014-02-05,78.529999,78.75,78.370003,78.550003,68.629028,1732700
2014-02-18,82.599998,82.940002,82.589996,82.720001,72.272354,1968700
2014-02-19,82.220001,82.550003,81.690002,81.760002,71.433594,3414500
2014-02-26,83.809998,83.940002,83.330002,83.410004,72.875206,1471000
2014-03-07,83.699997,83.769997,82.870003,83.139999,75.086983,1940400
2014-03-19,82.07,82.300003,80.709999,81.209999,73.343925,1267400
2014-03-26,81.849998,82.169998,81.110001,81.110001,73.253616,1176600
2014-03-28,82.0,82.220001,81.419998,81.589996,73.687119,896400
2014-03-31,84.739998,85.230003,84.540001,85.019997,76.784882,2309200
2014-04-01,84.540001,84.860001,83.989998,84.510002,76.324287,1506400
2014-04-10,84.459999,84.650002,83.75,83.830002,75.710152,2665200
2014-04-11,82.900002,83.449997,82.580002,82.669998,74.662514,1834400
2014-04-14,83.279999,83.989998,83.160004,83.830002,75.710152,2669500
2014-04-16,84.449997,84.510002,84.010002,84.410004,76.233978,1024600
2014-04-21,84.709999,85.5,84.5,85.459999,77.182274,1507200
2014-04-22,86.43,86.779999,86.18,86.559998,78.175728,2158600
2014-04-24,84.620003,84.860001,83.709999,84.589996,76.396538,2549900
2014-04-29,85.75,86.589996,85.739998,86.449997,78.076378,2229500
2014-04-30,86.449997,86.970001,86.25,86.940002,78.518913,2049100
2014-05-07,88.099998,88.349998,87.809998,88.309998,79.756226,1532400
2014-05-14,89.220001,89.519997,89.050003,89.239998,80.596138,2354200
2014-05-27,90.239998,90.43,89.93,90.279999,81.5354,2354200
2014-06-02,89.059998,89.059998,88.489998,88.879997,80.271004,1841400
2014-06-23,90.519997,90.540001,90.120003,90.470001,81.706993,746300
2014-07-01,91.260002,91.660004,91.110001,91.470001,82.610138,713900
2014-07-07,90.419998,90.550003,90.199997,90.290001,81.544434,1211200
2014-07-17,88.389999,89.150002,88.129997,88.529999,79.954903,2275400
2014-07-28,88.160004,88.160004,87.5,87.769997,79.268524,1185600
2014-07-31,87.790001,88.0,86.940002,86.940002,78.518913,1077500
2014-08-08,84.660004,85.519997,84.419998,85.349998,77.082932,1061500
2014-08-19,88.230003,88.760002,88.059998,88.629997,80.045219,891700
2014-08-26,89.489998,89.949997,89.43,89.709999,81.020607,1034400
2014-09-02,92.949997,93.720001,92.870003,93.709999,84.633163,5559900
2014-09-09,93.879997,94.25,93.699997,93.830002,84.741554,1120100
2014-09-16,93.940002,94.599998,93.699997,94.379997,85.238274,819700
2014-10-03,91.959999,92.650002,91.900002,92.370003,83.422966,1611900
2014-10-07,90.459999,90.610001,89.68,89.730003,81.038681,2132600
2014-10-10,88.419998,88.690002,87.690002,87.690002,79.196274,1678500
2014-10-14,87.370003,87.839996,86.800003,86.870003,78.455704,1604200
2014-10-15,86.389999,86.550003,84.690002,86.220001,77.86866,2023800
2014-10-20,86.580002,87.989998,86.489998,87.900002,79.385933,1718300
2014-11-06,92.139999,92.599998,91.93,92.029999,83.115891,815100
2014-11-28,96.510002,96.970001,96.43,96.650002,87.288406,445700
2014-12-04,95.790001,96.199997,95.389999,95.769997,86.493637,1330700
2014-12-09,95.010002,95.169998,93.68,94.339996,85.202148,1503100
2014-12-15,93.099998,93.370003,91.550003,91.639999,82.763672,1195900
2014-12-19,94.410004,95.0,94.0,94.610001,85.445992,1593000
2014-12-22,95.269997,95.540001,95.029999,95.300003,86.06916,1236600
2015-01-02,92.830002,93.050003,92.010002,92.25,83.31459,723900
2015-01-12,96.0,96.099998,95.190002,95.480003,86.231728,1265400
2015-01-14,96.470001,97.07,96.220001,96.809998,87.432899,2084900
2015-01-15,98.720001,100.82,97.43,100.580002,90.837738,11050800
2015-01-22,96.099998,97.110001,95.860001,96.839996,87.459984,3062400
2015-01-27,98.480003,99.540001,98.010002,98.93,89.347557,3132400
2015-01-28,98.43,99.07,97.029999,97.110001,87.703842,1985000
2015-01-29,98.209999,99.209999,97.93,99.160004,89.555275,1935400
2015-02-13,101.989998,102.519997,101.730003,102.199997,92.300827,1526400
2015-03-02,99.82,100.449997,99.620003,100.07,92.933716,1021800
2015-03-05,99.139999,99.5,98.480003,98.949997,91.893585,1498300
2015-03-06,97.910004,98.510002,97.360001,97.459999,90.509842,1223500
2015-03-10,96.5,96.720001,95.809998,96.199997,89.339691,2661600
2015-03-17,97.559998,97.900002,97.050003,97.599998,90.639862,1155400
2015-03-19,99.349998,100.160004,99.349998,99.870003,92.747986,957900
2015-03-20,102.0,102.269997,101.239998,101.68,94.428902,2112600
2015-03-23,102.309998,102.900002,101.900002,102.360001,95.06041,1588200
2015-03-25,102.330002,102.519997,100.309998,100.360001,93.203033,1299100
2015-03-31,98.82,99.699997,98.610001,98.610001,91.577835,1764400
2015-04-06,99.739998,100.540001,99.529999,100.25,93.100883,708100
2015-04-07,101.779999,102.379997,101.169998,101.32,94.094574,1144200
2015-04-09,102.599998,102.720001,102.059998,102.57,95.255432,1387200
2015-04-15,103.360001,103.519997,102.620003,103.220001,95.859085,1120700
2015-04-20,102.470001,102.849998,102.099998,102.239998,94.948967,1235500
2015-04-21,104.300003,104.660004,103.980003,104.07,96.648468,1542000
2015-05-01,102.089996,103.5,102.089996,103.349998,95.979805,1005100
2015-05-08,102.690002,103.5,102.68,102.919998,95.580475,899500
2015-05-12,102.230003,102.760002,101.940002,102.400002,95.097565,1130300
2015-05-14,104.160004,104.209999,103.480003,103.900002,96.490593,973300
2015-06-01,103.830002,103.919998,102.779999,103.279999,95.914803,976100
2015-06-09,100.510002,100.860001,100.199997,100.540001,93.370201,1011000
2015-06-10,102.099998,102.889999,101.660004,102.629997,95.31115,1237800
2015-06-12,102.099998,102.209999,101.510002,101.82,94.558922,749400
2015-06-29,99.730003,99.940002,98.440002,98.529999,91.503532,1665000
2015-07-09,101.010002,101.360001,99.989998,100.019997,92.887283,1661000
2015-07-13,104.580002,104.650002,103.75,104.110001,96.685608,2326200
2015-07-23,103.610001,103.610001,102.669998,103.050003,95.70121,2608400
2015-07-31,104.5,104.75,103.610001,103.75,96.351288,1477100
2015-08-20,101.949997,102.120003,100.639999,100.650002,93.472359,1018400
2015-08-24,94.82,96.010002,92.010002,94.809998,88.04882,5420600
2015-09-02,94.68,95.610001,94.330002,95.599998,88.782486,3480500
2015-09-11,95.129997,96.589996,95.129997,96.550003,89.664742,870200
2015-09-16,97.050003,97.919998,96.790001,97.730003,90.760597,1706100
2015-09-24,92.300003,92.440002,91.169998,91.800003,85.253479,1913400
2015-09-25,93.900002,94.019997,90.849998,91.309998,84.798416,2788100
2015-10-22,91.089996,92.68,90.769997,92.43,85.838554,1952800
2015-10-27,90.089996,91.07,89.919998,90.139999,83.711853,2688200
2015-10-28,91.809998,91.879997,89.959999,91.050003,84.556961,2401000
2015-11-04,90.720001,90.800003,89.529999,89.889999,83.479683,2580400
2015-11-12,87.010002,87.889999,86.860001,86.860001,80.665756,2084800
2015-11-23,87.309998,87.589996,86.57,86.650002,80.470741,1560800
2015-11-25,86.720001,86.730003,85.949997,85.949997,79.820656,1861700
2015-12-03,86.0,86.099998,84.279999,84.559998,78.529778,3213100
2015-12-09,84.82,85.0,83.660004,83.959999,77.972565,2523700
2015-12-22,85.190002,85.220001,84.370003,84.849998,78.799095,1390200
2015-12-24,86.290001,86.860001,86.290001,86.470001,80.303574,877400
2015-12-29,87.870003,88.160004,87.699997,88.050003,81.770905,1831600
2016-01-04,85.589996,85.790001,84.470001,85.75,79.634918,2285700
2016-01-06,84.540001,85.260002,84.540001,85.029999,78.966263,2736900
2016-01-11,82.029999,82.07,80.629997,81.639999,75.818016,3543500
2016-01-15,80.110001,81.120003,79.589996,80.230003,74.508568,2197600
2016-01-19,81.629997,81.730003,80.300003,80.989998,75.214363,2628200
2016-01-20,80.07,81.07,78.709999,80.489998,74.750023,2157200
2016-01-22,81.540001,82.43,81.410004,82.239998,76.375229,2239400
2016-01-27,79.690002,79.830002,77.599998,78.190002,72.614044,4515000
2016-02-02,76.239998,76.330002,75.589996,75.830002,70.422348,2927700
2016-02-09,72.260002,73.209999,71.900002,72.620003,67.441261,2702700
2016-02-26,72.599998,72.610001,72.019997,72.029999,69.499687,3082300
2016-03-01,72.120003,72.900002,71.739998,72.839996,70.281227,2622300
2016-03-09,72.330002,72.599998,72.120003,72.419998,69.875984,1254000
2016-03-15,73.370003,73.459999,72.730003,72.900002,70.339127,3461800
2016-03-23,74.860001,74.870003,73.75,73.910004,71.313652,2741800
2016-03-29,71.599998,72.419998,71.110001,72.360001,69.818092,3792800
