2014-01-02,51.869999,51.919998,51.369999,51.75,44.897972,3560300
2014-01-03,51.75,52.169998,51.66,52.040001,45.149578,2223600
2014-01-06,52.07,52.310001,51.970001,51.990002,45.106201,2947300
2014-01-07,51.669998,51.990002,51.549999,51.91,45.036789,3787200
2014-01-08,51.279999,51.330002,50.939999,51.080002,44.316689,5120700
2014-01-09,50.990002,51.060001,50.48,50.82,44.09111,908700
2014-01-10,50.529999,50.810001,50.369999,50.810001,44.082436,795500
2014-01-13,49.880001,50.27,49.790001,50.029999,43.405712,1183300
2014-01-14,50.599998,51.009998,50.43,50.759998,44.039055,1445600
2014-01-15,50.77,51.290001,50.630001,51.130001,44.360069,1097300
2014-01-16,51.119999,51.349998,50.93,51.18,44.403446,630100
2014-01-17,51.130001,51.400002,50.830002,50.830002,44.099792,945300
2014-01-21,51.389999,51.639999,51.130001,51.630001,44.793865,1991700
2014-01-22,51.529999,51.84,51.43,51.529999,44.707104,2459300
2014-01-23,51.860001,51.880001,50.619999,50.790001,44.065086,2419000
2014-01-24,50.16,50.240002,49.009998,49.220001,42.702961,4227600
2014-01-27,49.59,49.650002,49.0,49.299999,42.772369,1447700
2014-01-28,49.400002,49.549999,49.189999,49.400002,42.859131,1408500
2014-01-29,48.389999,49.139999,48.259998,48.919998,42.442684,1006700
2014-01-30,49.990002,50.360001,49.529999,50.18,43.535854,1508200
2014-01-31,48.720001,49.439999,48.68,48.900002,42.425331,1059400
2014-02-03,49.389999,49.419998,48.5,48.5,42.078297,1086800
2014-02-04,48.52,48.689999,48.279999,48.580002,42.147705,1523200
2014-02-05,48.360001,48.509998,48.119999,48.290001,41.896099,3517400
2014-02-06,47.080002,47.77,47.060001,47.77,41.444954,4360300
2014-02-07,47.84,48.669998,47.720001,48.43,42.017567,4577700
2014-02-10,49.310001,49.349998,47.650002,48.110001,41.739933,4288300
2014-02-11,48.810001,49.439999,48.720001,49.439999,42.893833,2705600
2014-02-12,49.23,49.580002,49.139999,49.16,42.650906,1232400
2014-02-13,49.150002,49.610001,49.110001,49.490002,42.937218,1537100
2014-02-14,49.849998,50.48,49.740002,50.419998,43.74408,2198200
2014-02-18,50.540001,50.700001,50.27,50.43,43.75275,1285300
2014-02-19,50.599998,50.759998,50.369999,50.419998,43.74408,1752000
2014-02-20,50.259998,50.759998,50.080002,50.57,43.874214,1098900
2014-02-21,50.59,50.93,50.529999,50.689999,43.978325,1225000
2014-02-24,50.799999,51.580002,50.75,51.349998,44.550938,1158200
2014-02-25,50.950001,51.369999,50.790001,51.299999,44.507557,1064500
2014-02-26,51.419998,51.720001,51.279999,51.459999,44.646374,1002900
2014-02-27,51.369999,51.790001,51.299999,51.490002,44.672401,1021000
2014-02-28,51.77,52.209999,51.490002,51.84,44.976059,1102900
2014-03-03,51.84,51.84,50.380001,50.77,44.047733,1623100
2014-03-04,52.189999,52.25,51.75,51.990002,45.106201,833100
2014-03-05,51.810001,52.040001,51.709999,51.799999,44.941353,1385900
2014-03-06,52.400002,52.560001,52.18,52.540001,45.583374,855700
2014-03-07,52.380001,52.380001,51.619999,51.93,45.054142,1243000
2014-03-10,52.599998,52.759998,52.080002,52.27,45.349125,1013400
2014-03-11,51.830002,51.939999,51.130001,51.189999,44.412121,478400
2014-03-12,50.630001,50.91,50.48,50.790001,44.065086,526600
2014-03-13,50.810001,50.889999,49.380001,49.709999,43.128082,958100
2014-03-14,49.790001,50.02,49.400002,49.700001,43.119408,1616000
2014-03-17,50.220001,50.5,50.07,50.07,43.440418,869300
2014-03-18,50.43,50.68,50.209999,50.41,43.735397,2244000
2014-03-19,50.689999,51.119999,50.209999,50.459999,43.778774,4237400
2014-03-20,49.84,50.529999,49.82,50.259998,43.605259,1560100
2014-03-21,51.220001,51.700001,50.740002,50.740002,44.021706,1737800
2014-03-24,51.360001,51.41,50.5,51.099998,44.334034,857300
2014-03-25,51.689999,52.299999,51.619999,52.080002,45.184284,1524600
2014-03-26,52.200001,52.380001,51.880001,52.0,45.114872,1638900
2014-03-27,51.580002,51.880001,51.419998,51.75,44.897972,554500
2014-03-28,52.119999,52.25,51.900002,51.98,45.097523,362900
2014-03-31,52.580002,52.740002,52.16,52.279999,45.3578,507500
2014-04-01,51.799999,52.0,51.68,51.84,44.976059,573200
2014-04-02,51.669998,52.040001,51.639999,52.02,45.132225,1681900
2014-04-03,52.09,52.220001,51.810001,52.040001,45.149578,8366400
2014-04-04,51.880001,52.110001,51.23,51.23,44.446827,2053800
2014-04-07,51.889999,51.93,51.279999,51.82,44.95871,3269100
2014-04-08,52.23,52.73,52.18,52.5,45.548672,1116700
2014-04-09,52.759998,53.0,52.389999,53.0,45.982471,2846200
2014-04-10,52.98,52.990002,51.77,51.790001,44.932682,1743500
2014-04-11,51.419998,51.790001,51.09,51.23,44.446827,1527400
2014-04-14,51.650002,51.84,51.369999,51.709999,44.863274,623400
2014-04-15,51.610001,51.650002,50.84,51.540001,44.715782,896800
2014-04-16,51.759998,51.869999,51.400002,51.669998,44.828568,624800
2014-04-17,51.950001,52.5,51.790001,52.34,45.409855,863700
2014-04-21,52.540001,52.540001,52.220001,52.34,45.409855,483200
2014-04-22,53.25,53.490002,52.91,53.389999,46.320827,1657900
2014-04-23,53.470001,53.509998,53.119999,53.169998,46.129955,822300
2014-04-24,53.189999,53.200001,52.669998,52.720001,45.73954,512900
2014-04-25,53.0,53.02,52.5,52.830002,45.83498,676500
2014-04-28,53.669998,53.82,53.009998,53.75,46.63316,1872800
2014-04-29,53.0,53.48,52.849998,53.330002,46.268776,2307400
2014-04-30,54.23,54.23,53.799999,53.799999,46.67654,1301100
2014-05-01,54.099998,54.450001,53.990002,54.41,47.205772,862500
2014-05-02,53.75,54.200001,53.66,54.029999,46.876087,1884600
2014-05-05,53.650002,54.639999,53.580002,54.540001,47.318562,583300
2014-05-06,54.400002,54.57,54.18,54.360001,47.162392,578800
2014-05-07,52.66,53.369999,52.349998,53.099998,47.746864,849000
2014-05-08,52.799999,53.009998,52.529999,52.66,47.351219,1340400
2014-05-09,52.360001,52.470001,51.98,51.98,46.739773,827100
2014-05-12,52.82,52.869999,52.549999,52.799999,47.477108,876400
2014-05-13,52.619999,52.650002,52.34,52.43,47.144413,511700
2014-05-14,53.099998,53.279999,52.580002,52.580002,47.279289,1463700
2014-05-15,52.389999,52.759998,52.029999,52.610001,47.306263,746400
2014-05-16,52.900002,53.099998,52.68,53.099998,47.746864,1097700
2014-05-19,52.740002,53.0,52.610001,53.0,47.656948,495200
2014-05-20,52.849998,52.990002,52.439999,52.560001,47.261303,391600
2014-05-21,52.630001,53.09,52.599998,53.080002,47.728882,374900
2014-05-22,52.48,52.950001,52.43,52.84,47.513077,1364000
2014-05-23,52.84,52.959999,52.669998,52.790001,47.468117,228600
2014-05-27,53.209999,53.310001,52.830002,53.18,47.818798,724500
2014-05-28,52.900002,53.119999,52.599998,52.990002,47.647953,1043300
2014-05-29,53.099998,53.279999,53.009998,53.279999,47.908718,632100
2014-05-30,53.119999,53.599998,53.040001,53.299999,47.926701,845300
2014-06-02,53.099998,53.189999,52.869999,53.049999,47.701908,946700
2014-06-03,53.139999,53.290001,53.0,53.290001,47.917713,2610100
2014-06-04,53.459999,53.540001,53.27,53.540001,48.142509,649600
2014-06-05,53.669998,54.0,53.549999,54.0,48.556133,774600
2014-06-06,54.0,54.099998,53.810001,54.099998,48.646049,417000
2014-06-09,53.509998,53.82,53.439999,53.82,48.394279,378300
2014-06-10,53.889999,54.110001,53.740002,53.799999,48.376297,797000
2014-06-11,53.720001,53.75,53.419998,53.599998,48.196457,2533800
2014-06-12,53.669998,53.77,53.5,53.689999,48.277386,449900
2014-06-13,53.639999,53.950001,53.599998,53.779999,48.358311,467400
2014-06-16,53.82,53.91,53.470001,53.84,48.412266,365000
2014-06-17,53.59,54.07,53.560001,54.009998,48.565128,530100
2014-06-18,54.02,54.040001,53.57,53.740002,48.322346,1416400
2014-06-19,54.240002,54.419998,54.040001,54.400002,48.91581,5152900
2014-06-20,54.360001,54.599998,54.299999,54.52,49.023712,897300
2014-06-23,54.169998,54.349998,53.900002,54.349998,48.87085,632200
2014-06-24,54.119999,54.259998,53.73,53.779999,48.358311,965400
2014-06-25,53.349998,53.529999,53.189999,53.5,48.106541,987800
2014-06-26,53.259998,53.299999,52.599998,52.970001,47.629971,826500
2014-06-27,53.029999,53.360001,52.77,53.310001,47.935696,1462000
2014-06-30,53.18,53.349998,53.0,53.169998,47.809807,777300
2014-07-01,53.09,53.470001,52.93,53.279999,47.908718,598900
2014-07-02,52.84,53.279999,52.759998,53.200001,47.836784,791100
2014-07-03,53.299999,53.450001,53.189999,53.450001,48.061581,345500
2014-07-07,52.34,52.759998,52.169998,52.299999,47.027515,1263700
2014-07-08,52.220001,52.25,51.790001,51.799999,46.577919,556300
2014-07-09,51.880001,52.299999,51.740002,52.240002,46.97356,392900
2014-07-10,51.560001,51.849998,51.470001,51.669998,46.461025,1065000
2014-07-11,51.450001,51.950001,51.34,51.630001,46.42506,806400
2014-07-14,52.130001,52.23,51.810001,51.91,46.67683,439700
2014-07-15,51.790001,51.860001,51.23,51.43,46.24522,842600
2014-07-16,51.860001,51.869999,51.549999,51.849998,46.622879,686200
2014-07-17,51.48,51.830002,50.740002,50.889999,45.759659,755200
2014-07-18,51.169998,51.68,51.060001,51.560001,46.362118,296100
2014-07-21,51.32,51.52,51.110001,51.470001,46.281193,832000
2014-07-22,51.790001,52.049999,51.610001,51.82,46.595905,594700
2014-07-23,52.040001,52.09,51.810001,51.950001,46.712799,530700
2014-07-24,52.049999,52.119999,51.849998,52.029999,46.784737,963500
2014-07-25,51.709999,51.73,50.830002,50.970001,45.8316,671200
2014-07-28,51.330002,51.459999,50.919998,51.18,46.020424,1364700
2014-07-29,51.810001,51.889999,51.400002,51.400002,46.218246,1328800
2014-07-30,51.82,52.18,51.419998,52.18,46.919613,2371300
2014-07-31,53.23,53.450001,52.27,52.27,47.000542,1078100
2014-08-01,53.23,53.299999,52.75,53.189999,47.827793,3368300
2014-08-04,53.400002,53.720001,53.099998,53.720001,48.304363,594900
2014-08-05,53.299999,53.360001,52.700001,52.970001,47.629971,364800
2014-08-06,51.990002,52.619999,51.990002,52.5,47.207355,949300
2014-08-07,52.130001,52.25,51.279999,51.43,46.24522,812300
2014-08-08,51.849998,52.32,51.650002,52.32,47.045498,783100
2014-08-11,52.220001,52.43,52.0,52.09,46.838688,836200
2014-08-12,51.700001,52.049999,51.630001,52.049999,46.802715,709500
2014-08-13,52.43,52.580002,52.220001,52.41,47.126427,1818100
2014-08-14,52.549999,52.849998,52.52,52.849998,47.522068,1007000
2014-08-15,53.18,53.360001,52.099998,52.459999,47.171387,2765100
2014-08-18,53.110001,53.439999,53.099998,53.439999,48.052586,1029900
2014-08-19,52.990002,53.310001,52.93,53.290001,47.917713,1603000
2014-08-20,52.669998,52.900002,52.450001,52.790001,47.468117,1668800
2014-08-21,53.330002,53.740002,53.259998,53.740002,48.322346,927100
2014-08-22,52.790001,53.009998,52.41,52.68,47.369209,1833700
2014-08-25,53.150002,53.880001,53.040001,53.720001,48.304363,736700
2014-08-26,54.27,54.950001,54.259998,54.790001,49.266495,1127000
2014-08-27,54.799999,55.349998,54.709999,55.209999,49.644146,874000
2014-08-28,54.43,54.84,54.330002,54.700001,49.185566,2574800
2014-08-29,54.860001,55.029999,54.310001,54.700001,49.185566,752000
2014-09-02,54.810001,55.16,54.68,54.970001,49.428345,1519900
2014-09-03,55.68,55.939999,55.52,55.73,50.111725,1164000
2014-09-04,55.689999,55.950001,55.439999,55.619999,50.012817,675700
2014-09-05,55.310001,55.799999,55.119999,55.759998,50.138702,783100
2014-09-08,55.599998,55.73,55.209999,55.52,49.922901,869700
2014-09-09,55.400002,55.849998,55.220001,55.799999,50.174671,821300
2014-09-10,55.57,56.0,55.43,55.84,50.21064,1749200
2014-09-11,55.450001,55.73,55.299999,55.73,50.111725,1223300
2014-09-12,56.0,56.490002,55.830002,56.43,50.741161,596000
2014-09-15,56.189999,56.490002,56.110001,56.110001,50.453423,639900
2014-09-16,55.799999,56.310001,55.790001,56.18,50.516365,526800
2014-09-17,56.549999,56.900002,56.389999,56.52,50.822086,846400
2014-09-18,57.16,57.259998,56.880001,56.98,51.235714,1873600
2014-09-19,56.700001,57.080002,56.66,56.689999,50.974949,875300
2014-09-22,57.389999,57.419998,56.720001,57.290001,51.514462,1428600
2014-09-23,56.279999,56.52,55.759998,55.759998,50.138702,1398300
2014-09-24,56.75,57.150002,56.360001,56.93,51.190754,1746200
2014-09-25,56.66,56.689999,55.41,55.849998,50.219631,1107400
2014-09-26,56.130001,56.400002,55.900002,56.09,50.43544,624300
2014-09-29,55.450001,55.75,55.349998,55.709999,50.093746,495200
2014-09-30,56.290001,56.779999,56.139999,56.43,50.741161,699200
2014-10-01,56.389999,56.389999,55.650002,55.880001,50.246609,533700
2014-10-02,55.57,55.610001,54.450001,55.0,49.455322,1012300
2014-10-03,54.23,54.75,54.0,54.75,49.230526,1075500
2014-10-06,54.919998,55.029999,54.450001,54.849998,49.320442,373300
2014-10-07,54.080002,54.150002,53.75,53.75,48.331333,808700
2014-10-08,53.529999,54.48,53.27,54.48,48.987743,857200
2014-10-09,53.57,53.720001,52.990002,53.080002,47.728882,1359700
2014-10-10,52.68,52.919998,52.349998,52.43,47.144413,910900
2014-10-13,52.82,52.990002,52.240002,52.299999,47.027515,830900
2014-10-14,52.549999,52.849998,52.23,52.25,46.982555,1277400
2014-10-15,51.73,51.869999,50.5,51.5,46.308163,1848800
2014-10-16,50.080002,51.110001,50.0,50.639999,45.534863,2917200
2014-10-17,51.34,52.029999,51.0,51.799999,46.577919,1398700
2014-10-20,50.759998,51.779999,50.720001,51.779999,46.559937,632100
2014-10-21,51.41,52.32,51.360001,52.150002,46.892639,1679800
2014-10-22,52.880001,53.029999,52.52,52.630001,47.324249,1787600
2014-10-23,53.369999,53.849998,53.209999,53.529999,48.133514,1496900
2014-10-24,53.700001,54.02,53.52,54.02,48.574116,1483400
2014-10-27,52.779999,53.439999,52.619999,52.82,47.49509,2411500
2014-10-28,48.220001,48.599998,47.150002,48.07,43.223953,8866200
2014-10-29,45.369999,45.720001,44.5,45.220001,40.661266,16819000
2014-10-30,45.490002,45.790001,45.110001,45.700001,41.092876,5420400
2014-10-31,45.98,46.639999,45.98,46.240002,41.578438,5000700
2014-11-03,45.549999,45.779999,45.41,45.779999,41.164814,4788300
2014-11-04,45.68,45.700001,45.080002,45.490002,40.904045,1721800
2014-11-05,45.669998,45.84,45.400002,45.700001,41.092876,1864300
2014-11-06,45.639999,46.02,45.529999,45.860001,41.236744,2758400
2014-11-07,45.169998,45.689999,45.009998,45.689999,41.083881,3429500
2014-11-10,46.09,46.419998,45.959999,46.189999,41.533478,3142400
2014-11-11,46.75,47.16,46.549999,47.139999,42.387707,2274300
2014-11-12,46.52,46.98,46.209999,46.560001,41.86618,4207800
2014-11-13,46.560001,46.91,46.419998,46.529999,41.839199,3213100
2014-11-14,46.43,46.810001,46.32,46.68,41.974079,3007200
2014-11-17,46.869999,47.57,46.830002,47.540001,42.747383,4236500
2014-11-18,47.98,48.580002,47.959999,48.360001,43.484715,4571200
2014-11-19,48.41,48.43,47.959999,48.09,43.241936,1636700
2014-11-20,46.650002,47.189999,46.369999,46.57,41.875172,5687200
2014-11-21,47.220001,47.360001,46.810001,47.150002,42.396702,1582600
2014-11-24,47.0,47.310001,46.860001,47.310001,42.540569,2003600
2014-11-25,47.490002,47.82,47.439999,47.650002,42.846294,1516300
2014-11-26,47.73,48.119999,47.709999,48.09,43.241936,1169300
2014-11-28,48.16,48.48,48.150002,48.290001,43.421772,565500
2014-12-01,48.889999,48.98,48.700001,48.73,43.817413,1749800
2014-12-02,48.310001,48.450001,47.91,48.450001,43.565643,1720500
2014-12-03,48.029999,48.23,47.93,48.110001,43.259914,2305200
2014-12-04,47.369999,47.380001,46.75,46.75,42.037022,4955600
2014-12-05,46.650002,46.91,46.459999,46.75,42.037022,2995600
2014-12-08,46.84,47.0,46.540001,46.689999,41.98307,2111600
2014-12-09,46.099998,46.240002,45.830002,46.240002,41.578438,1503800
2014-12-10,46.349998,46.369999,45.759998,45.860001,41.236744,1016900
2014-12-11,46.34,46.849998,46.169998,46.209999,41.55146,2688200
2014-12-12,46.009998,46.209999,45.080002,45.16,40.607315,1861400
2014-12-15,45.139999,45.279999,44.240002,44.400002,39.923931,5288500
2014-12-16,44.32,46.080002,44.299999,45.380001,40.805138,4096000
2014-12-17,45.540001,46.459999,45.509998,45.98,41.34465,3801200
2014-12-18,46.790001,46.98,46.48,46.810001,42.090977,4568800
2014-12-19,46.009998,46.400002,45.57,46.389999,41.713318,1773000
2014-12-22,46.25,46.290001,45.889999,45.959999,41.32666,1504300
2014-12-23,46.360001,46.41,45.66,45.849998,41.227757,1437800
2014-12-24,45.959999,46.349998,45.91,46.349998,41.677349,433400
2014-12-26,46.200001,46.389999,46.009998,46.150002,41.497513,693300
2014-12-29,46.099998,46.43,46.080002,46.34,41.668354,1465800
2014-12-30,46.02,46.16,45.610001,45.610001,41.011951,1454800
2014-12-31,45.799999,46.07,45.52,45.610001,41.011951,874200
2015-01-02,45.75,46.029999,45.18,45.52,40.931023,1166100
2015-01-05,44.07,44.279999,43.57,44.0,39.564259,4633200
2015-01-06,44.150002,45.990002,43.84,45.110001,40.562355,6742200
2015-01-07,45.110001,45.110001,43.779999,44.68,40.175705,13939600
2015-01-08,45.02,45.790001,44.990002,45.400002,40.823124,4769700
2015-01-09,45.150002,45.18,44.049999,44.549999,40.058811,4088700
2015-01-12,44.970001,45.09,44.259998,44.919998,40.391506,1764400
2015-01-13,45.5,45.66,44.619999,45.09,40.544373,1573200
2015-01-14,44.709999,45.200001,44.66,44.799999,40.283604,1781600
2015-01-15,44.799999,45.349998,44.650002,45.0,40.463448,1645900
2015-01-16,45.439999,46.580002,45.439999,46.360001,41.68634,4359200
2015-01-20,47.0,47.07,46.200001,46.66,41.956097,2439700
2015-01-21,46.290001,46.799999,45.959999,46.759998,42.046013,1878000
2015-01-22,46.349998,46.849998,46.130001,46.73,42.019039,2321200
2015-01-23,46.259998,47.360001,46.189999,46.880001,42.153915,3819500
2015-01-26,46.68,46.970001,46.189999,46.73,42.019039,3190300
2015-01-27,46.27,46.830002,46.139999,46.599998,41.902145,803900
2015-01-28,46.549999,46.77,45.950001,46.049999,41.407593,1872200
2015-01-29,46.619999,47.0,46.34,47.0,42.261818,1152200
2015-01-30,46.380001,46.639999,46.02,46.09,41.443562,1985200
2015-02-02,46.18,46.700001,46.119999,46.689999,41.98307,2044800
2015-02-03,46.709999,47.150002,46.59,46.93,42.198875,1446100
2015-02-04,46.16,47.0,46.0,47.0,42.261818,3341300
2015-02-05,48.07,48.700001,47.889999,48.419998,43.538666,2380600
2015-02-06,48.16,48.5,47.84,48.049999,43.205967,7440600
2015-02-09,47.48,48.130001,47.48,47.799999,42.981171,1489900
2015-02-10,48.48,48.560001,48.09,48.25,43.385803,1062900
2015-02-11,48.0,48.209999,47.810001,48.16,43.304878,900100
2015-02-12,48.09,48.599998,48.080002,48.599998,43.70052,847200
2015-02-13,49.240002,49.66,49.200001,49.419998,44.437855,1739300
2015-02-17,49.009998,49.25,48.599998,49.189999,44.231041,1075600
2015-02-18,49.25,49.439999,49.049999,49.25,44.284992,875800
2015-02-19,49.91,50.110001,49.630001,50.099998,45.049301,2046100
2015-02-20,49.110001,50.330002,49.07,50.099998,45.049301,2027800
2015-02-23,50.290001,50.57,50.200001,50.220001,45.157207,857400
2015-02-24,49.82,50.470001,49.66,50.389999,45.310066,1046400
2015-02-25,50.25,50.619999,50.209999,50.41,45.328049,1440200
2015-02-26,49.09,49.18,48.639999,48.869999,43.943302,2660200
2015-02-27,48.720001,49.150002,48.52,48.860001,43.934307,1444500
2015-03-02,48.310001,48.459999,48.200001,48.290001,43.421772,1343600
2015-03-03,48.549999,48.639999,48.0,48.080002,43.232944,1115200
2015-03-04,48.16,48.360001,47.790001,48.34,43.466732,1743100
2015-03-05,48.73,48.73,48.27,48.360001,43.484715,1529800
2015-03-06,47.68,47.830002,47.400002,47.419998,42.639477,1075500
2015-03-09,47.630001,47.68,47.419998,47.57,42.774357,1129200
2015-03-10,46.43,46.5,46.150002,46.34,41.668354,1884500
2015-03-11,46.919998,47.240002,46.790001,46.93,42.198875,1429200
2015-03-12,47.299999,47.580002,47.240002,47.560001,42.765369,1574300
2015-03-13,47.150002,47.349998,46.93,47.07,42.324764,1221700
2015-03-16,48.169998,48.860001,48.139999,48.619999,43.718506,2198800
2015-03-17,48.709999,49.139999,48.549999,48.970001,44.033222,1495700
2015-03-18,49.259998,50.450001,49.099998,50.200001,45.139221,1628300
2015-03-19,49.23,49.599998,49.16,49.470001,44.482815,1208400
2015-03-20,50.310001,51.07,50.080002,50.639999,45.534863,2367600
2015-03-23,50.990002,51.299999,50.73,50.98,45.840584,1449700
2015-03-24,51.32,51.470001,51.029999,51.119999,45.966473,1076400
2015-03-25,50.98,51.049999,50.189999,50.299999,45.229137,1621800
2015-03-26,49.880001,49.880001,48.66,48.799999,43.88036,2740000
2015-03-27,49.57,50.139999,49.360001,49.970001,44.932407,1057900
2015-03-30,50.200001,50.439999,50.040001,50.240002,45.17519,811300
2015-03-31,49.220001,49.639999,49.099998,49.439999,44.455837,1677300
2015-04-01,50.330002,50.330002,49.68,49.93,44.896442,1241500
2015-04-02,50.84,51.189999,50.709999,51.049999,45.90353,3148700
2015-04-06,51.25,51.740002,51.16,51.169998,46.011433,1107200
2015-04-07,51.900002,52.07,51.529999,51.59,46.389091,1264700
2015-04-08,52.040001,52.07,51.310001,51.48,46.29018,868500
2015-04-09,51.779999,51.939999,51.52,51.869999,46.640862,623900
2015-04-10,52.040001,52.459999,51.98,52.349998,47.072472,853200
2015-04-13,52.189999,52.459999,51.869999,51.869999,46.640862,1004800
2015-04-14,52.110001,52.349998,51.950001,52.099998,46.847679,3356100
2015-04-15,52.439999,52.52,51.919998,52.16,46.90163,1635100
2015-04-16,52.220001,52.380001,51.73,52.139999,46.883644,742600
2015-04-17,51.779999,51.810001,51.259998,51.68,46.47002,914300
2015-04-20,51.470001,51.720001,51.310001,51.369999,46.191273,2133700
2015-04-21,51.529999,51.709999,51.330002,51.560001,46.362118,2326600
2015-04-22,51.75,51.75,51.32,51.59,46.389091,1236200
2015-04-23,51.16,51.810001,50.98,51.759998,46.541954,608900
2015-04-24,51.619999,52.099998,51.279999,51.75,46.532963,774900
2015-04-27,52.77,53.0,52.279999,52.279999,47.009529,1990100
2015-04-28,51.5,51.610001,51.07,51.560001,46.362118,1031700
2015-04-29,51.349998,51.610001,50.700001,51.209999,46.047401,1344600
2015-04-30,50.470001,51.200001,50.389999,50.549999,45.453938,2971100
2015-05-01,50.790001,51.299999,50.580002,51.290001,46.119335,772500
2015-05-04,51.5,51.849998,51.360001,51.450001,46.263206,902200
2015-05-05,51.080002,51.09,50.07,50.150002,45.094265,1205200
2015-05-06,49.580002,49.959999,49.310001,49.450001,45.947239,1384400
2015-05-07,49.200001,49.349998,48.889999,48.990002,45.519821,1486000
2015-05-08,49.16,50.02,49.139999,49.990002,46.44899,1131400
2015-05-11,49.490002,49.810001,49.349998,49.349998,45.854317,777800
2015-05-12,49.66,49.91,49.52,49.740002,46.216694,819400
2015-05-13,50.299999,50.509998,49.869999,49.889999,46.356068,866600
2015-05-14,50.66,50.939999,50.400002,50.790001,47.192318,806900
2015-05-15,50.689999,50.759998,50.139999,50.52,46.941444,4281400
2015-05-18,50.209999,50.75,50.029999,50.400002,46.829945,451300
2015-05-19,50.459999,51.09,50.360001,50.919998,47.31311,1529300
2015-05-20,50.43,50.93,50.34,50.75,47.155151,601100
2015-05-21,51.02,51.439999,51.0,51.25,47.619736,725500
2015-05-22,51.080002,51.080002,50.650002,50.73,47.136566,347000
2015-05-26,50.09,50.130001,49.130001,49.290001,45.798573,995600
2015-05-27,49.759998,50.939999,49.709999,50.689999,47.0994,1167400
2015-05-28,50.630001,50.68,50.049999,50.549999,46.969318,838800
2015-05-29,50.099998,50.130001,48.889999,49.41,45.910069,1826400
2015-06-01,49.57,49.66,48.919998,49.290001,45.798573,1220600
2015-06-02,49.849998,50.139999,49.639999,49.779999,46.25386,928900
2015-06-03,51.049999,51.52,50.990002,51.099998,47.480358,1490800
2015-06-04,51.200001,52.07,50.740002,50.900002,47.294525,1004000
2015-06-05,49.5,49.900002,49.27,49.57,46.058735,1663000
2015-06-08,49.52,49.610001,49.279999,49.5,45.993694,2525300
2015-06-09,49.41,49.619999,48.970001,49.43,45.92865,4708800
2015-06-10,49.880001,50.709999,49.700001,50.599998,47.015778,2571000
2015-06-11,51.0,51.41,50.759998,51.169998,47.545399,2686000
2015-06-12,50.080002,50.599998,49.77,50.599998,47.015778,4121500
2015-06-15,49.279999,49.470001,49.0,49.439999,45.937943,3500100
2015-06-16,49.200001,49.41,49.0,49.220001,45.733532,1121400
2015-06-17,48.84,48.91,48.23,48.810001,45.35257,2567300
2015-06-18,48.799999,49.98,48.740002,49.130001,45.649902,2190000
2015-06-19,49.200001,49.360001,48.91,49.07,45.594154,3194600
2015-06-22,51.060001,51.849998,50.869999,51.009998,47.396732,1645700
2015-06-23,51.580002,51.639999,51.209999,51.209999,47.582569,2227100
2015-06-24,51.669998,51.919998,51.43,51.639999,47.982109,5083400
2015-06-25,51.700001,51.830002,51.220001,51.490002,47.842735,1161800
2015-06-26,52.23,52.400002,51.639999,51.880001,48.205109,997600
2015-06-29,50.18,50.610001,49.700001,49.84,46.309612,1812100
2015-06-30,50.619999,50.639999,49.080002,49.529999,46.021568,1750700
2015-07-01,49.689999,49.98,49.400002,49.759998,46.235275,1175700
2015-07-02,49.709999,49.75,49.279999,49.470001,45.96582,945100
2015-07-06,48.009998,48.810001,47.91,48.150002,44.739323,1523200
2015-07-07,47.709999,48.439999,47.099998,48.200001,44.785778,1855500
2015-07-08,48.189999,48.380001,47.779999,48.060001,44.655701,725700
2015-07-09,49.220001,49.470001,48.779999,48.779999,45.324696,1118800
2015-07-10,51.950001,51.950001,51.18,51.490002,47.842735,2995000
2015-07-13,52.439999,52.490002,52.099998,52.099998,48.409523,2036100
2015-07-14,52.73,53.34,52.619999,53.34,49.561687,1767800
2015-07-15,53.299999,53.580002,52.919998,52.990002,49.236485,1043000
2015-07-16,53.799999,53.93,53.529999,53.529999,49.738232,878700
2015-07-17,53.75,53.790001,53.32,53.599998,49.803272,937200
2015-07-20,53.759998,53.759998,53.099998,53.25,49.478065,2254900
2015-07-21,53.16,53.220001,52.959999,52.990002,49.236485,2684700
2015-07-22,53.099998,53.240002,52.860001,53.09,49.329399,1288000
2015-07-23,53.68,54.080002,53.369999,53.369999,49.589565,1501800
2015-07-24,53.860001,54.09,53.150002,53.540001,49.747524,1864100
2015-07-27,53.470001,53.650002,53.0,53.330002,49.552399,932400
2015-07-28,53.360001,53.830002,53.139999,53.810001,49.998398,995700
2015-07-29,53.740002,54.040001,52.639999,52.639999,48.911274,1293000
2015-07-30,52.830002,53.580002,52.459999,53.57,49.775398,863100
2015-07-31,53.900002,54.25,53.639999,53.990002,50.165649,862000
2015-08-03,54.09,54.18,53.439999,53.48,49.691772,2146300
2015-08-04,53.709999,53.869999,53.43,53.490002,49.701065,537500
2015-08-05,54.310001,54.779999,54.220001,54.709999,50.834644,885100
2015-08-06,54.880001,54.959999,54.27,54.459999,50.602356,1855400
2015-08-07,53.75,54.0,53.490002,53.880001,50.063438,509300
2015-08-10,54.310001,54.98,54.310001,54.98,51.085522,629400
2015-08-11,54.709999,54.849998,54.119999,54.389999,50.537315,776300
2015-08-12,53.110001,53.400002,52.66,53.400002,49.617443,1321800
2015-08-13,53.119999,53.439999,53.0,53.259998,49.487354,841300
2015-08-14,52.5,52.669998,52.119999,52.48,48.762608,605700
2015-08-17,52.23,52.830002,52.09,52.830002,49.087818,2512400
2015-08-18,52.75,52.75,52.299999,52.299999,48.59536,722200
2015-08-19,51.91,52.360001,51.529999,52.029999,48.344482,643800
2015-08-20,51.77,51.779999,50.720001,50.720001,47.127277,852700
2015-08-21,50.779999,51.240002,49.509998,49.509998,46.002983,1454500
2015-08-24,47.93,48.0,46.889999,47.68,44.302616,3122800
2015-08-25,50.060001,50.080002,47.790001,47.830002,44.44199,3860300
2015-08-26,49.16,49.259998,48.009998,49.130001,45.649902,3156500
2015-08-27,49.549999,50.290001,49.220001,50.080002,46.532612,1163500
2015-08-28,49.509998,49.700001,49.16,49.279999,45.789276,1091900
2015-08-31,49.419998,49.549999,48.919998,48.919998,45.454777,1805700
2015-09-01,48.32,48.400002,47.82,48.110001,44.702152,1354400
2015-09-02,49.16,49.369999,48.849998,49.23,45.742821,1435100
2015-09-03,50.049999,50.18,49.34,49.57,46.058735,1082900
2015-09-04,48.389999,48.669998,48.110001,48.450001,45.018074,547500
2015-09-08,49.849998,50.049999,49.400002,50.009998,46.467567,1762800
2015-09-09,50.869999,50.939999,49.48,49.689999,46.170235,786900
2015-09-10,49.650002,50.099998,49.560001,49.77,46.244572,740700
2015-09-11,49.619999,50.27,49.599998,50.23,46.671986,454700
2015-09-14,49.93,50.049999,49.349998,49.720001,46.198112,545200
2015-09-15,49.709999,50.0,49.43,49.759998,46.235275,866900
2015-09-16,50.330002,50.599998,50.220001,50.360001,46.792774,765000
2015-09-17,50.279999,51.349998,50.209999,50.860001,47.257359,526500
2015-09-18,49.459999,50.049999,49.310001,49.32,45.826443,912300
2015-09-21,50.200001,50.299999,49.299999,49.41,45.910069,966500
2015-09-22,47.889999,48.02,47.419998,47.830002,44.44199,1462500
2015-09-23,47.959999,48.330002,47.650002,48.240002,44.822948,1140700
2015-09-24,47.639999,48.23,47.049999,47.990002,44.590656,1048800
2015-09-25,48.900002,48.919998,47.240002,47.490002,44.126072,1480400
2015-09-28,47.439999,47.52,46.630001,46.700001,43.392033,2056200
2015-09-29,46.27,46.919998,46.02,46.639999,43.336281,2711300
2015-09-30,47.82,47.970001,47.080002,47.470001,44.107491,1978200
2015-10-01,47.68,47.75,47.049999,47.549999,44.18182,1347600
2015-10-02,47.25,48.34,47.07,48.27,44.850819,1106700
2015-10-05,49.27,49.41,48.880001,49.189999,45.70565,1223900
2015-10-06,49.080002,49.400002,48.490002,48.939999,45.473362,2673600
2015-10-07,48.040001,48.349998,47.700001,48.330002,44.90657,1562500
2015-10-08,48.439999,48.75,48.290001,48.720001,45.268948,2792400
2015-10-09,48.66,48.860001,48.5,48.75,45.296822,934200
2015-10-12,49.07,49.630001,49.060001,49.34,45.845028,991000
2015-10-13,48.900002,49.139999,48.419998,48.529999,45.092403,684300
2015-10-14,48.59,48.990002,48.450001,48.490002,45.055237,912900
2015-10-15,49.740002,50.330002,49.68,50.279999,46.718441,1317900
2015-10-16,49.98,50.540001,49.939999,50.540001,46.96003,758400
2015-10-19,50.41,50.560001,49.98,50.459999,46.885693,712600
2015-10-20,49.880001,49.880001,49.150002,49.290001,45.798573,640900
2015-10-21,49.630001,49.689999,48.700001,49.150002,45.668488,3394300
2015-10-22,49.82,50.049999,49.470001,49.880001,46.346779,1104900
2015-10-23,50.759998,51.25,50.68,51.110001,47.489651,669700
2015-10-26,50.75,51.009998,50.580002,50.700001,47.108696,571900
2015-10-27,50.34,50.799999,50.34,50.549999,46.969318,928400
2015-10-28,51.560001,51.880001,50.939999,51.490002,47.842735,814200
2015-10-29,48.389999,49.869999,48.389999,49.630001,46.114487,1884000
2015-10-30,50.169998,50.740002,50.16,50.34,46.774193,1049100
2015-11-02,50.82,50.950001,50.560001,50.68,47.090111,1493900
2015-11-03,50.5,50.5,50.02,50.18,46.625526,1135100
2015-11-04,50.419998,50.450001,49.68,50.139999,46.58836,815300
2015-11-05,50.919998,50.919998,50.279999,50.419998,46.848522,957400
2015-11-06,47.380001,47.400002,46.25,46.599998,43.299114,5315800
2015-11-09,45.52,45.549999,45.07,45.439999,42.221279,1986400
2015-11-10,45.029999,45.139999,44.73,44.950001,41.765991,1069500
2015-11-11,45.459999,45.459999,44.799999,45.040001,41.849617,3621500
2015-11-12,43.919998,44.02,43.580002,43.639999,40.548782,1666800
2015-11-13,43.0,43.330002,42.860001,42.990002,39.944832,3931300
2015-11-16,43.09,43.23,42.790001,43.119999,40.065617,4804800
2015-11-17,43.689999,44.029999,43.459999,43.459999,40.381535,2293200
2015-11-18,44.040001,44.389999,43.830002,44.360001,41.217781,2025900
2015-11-19,44.52,44.540001,44.02,44.150002,41.022663,1119200
2015-11-20,44.400002,44.599998,44.16,44.189999,41.059822,1571700
2015-11-23,44.009998,44.310001,43.700001,43.880001,40.771786,1182300
2015-11-24,43.240002,43.73,43.220001,43.580002,40.493034,1472400
2015-11-25,44.07,44.360001,44.02,44.25,41.115574,2909300
2015-11-27,44.439999,44.509998,44.259998,44.310001,41.171326,708000
2015-11-30,44.650002,44.759998,44.18,44.220001,41.087704,1812100
2015-12-01,44.509998,44.630001,43.900002,44.049999,40.929741,1902600
2015-12-02,44.220001,44.389999,43.66,43.869999,40.762493,1337700
2015-12-03,43.860001,43.880001,43.009998,43.119999,40.065617,1226000
2015-12-04,42.630001,43.419998,42.610001,43.349998,40.279324,1173700
2015-12-07,43.849998,43.900002,43.27,43.360001,40.288616,917000
2015-12-08,42.73,42.959999,42.57,42.77,39.740414,1261100
2015-12-09,42.419998,42.73,42.0,42.240002,39.247955,1257400
2015-12-10,41.950001,42.279999,41.799999,41.849998,38.885578,1319800
2015-12-11,42.0,42.110001,41.700001,41.849998,38.885578,1601100
2015-12-14,42.009998,42.060001,41.130001,41.509998,38.56966,1798600
2015-12-15,42.93,43.169998,42.790001,42.939999,39.898369,2382500
2015-12-16,43.330002,43.75,43.0,43.630001,40.539494,1615500
2015-12-17,43.349998,43.360001,42.75,42.939999,39.898369,1111200
2015-12-18,42.610001,42.799999,42.439999,42.639999,39.619617,1606500
2015-12-21,43.240002,43.290001,42.400002,42.509998,39.498825,1538000
2015-12-22,42.650002,42.900002,42.43,42.799999,39.768284,1078600
2015-12-23,43.25,43.779999,43.23,43.779999,40.678867,1527500
2015-12-24,43.310001,43.389999,43.150002,43.150002,40.093494,509800
2015-12-28,43.16,43.259998,42.939999,43.080002,40.028454,1010000
2015-12-29,43.610001,43.919998,43.529999,43.799999,40.697449,1563000
2015-12-30,43.619999,43.669998,43.310001,43.41,40.335075,717000
2015-12-31,42.849998,43.0,42.630001,42.650002,39.62891,940700
