2014-01-09,48.43,48.509998,47.490002,47.5,40.470531,14567000
2014-01-13,47.650002,47.75,46.950001,47.029999,40.07008,18784000
2014-01-15,47.349998,48.380001,47.279999,48.27,41.126583,21722300
2014-01-21,48.84,48.900002,46.759998,47.700001,40.640934,33165500
2014-01-22,47.439999,47.52,47.09,47.330002,40.325695,17975700
2014-01-23,47.060001,47.860001,46.939999,47.860001,40.777252,22638200
2014-01-28,47.669998,47.869999,47.330002,47.360001,40.351254,16345400
2014-01-29,47.0,47.98,46.689999,47.689999,40.632416,24965700
2014-02-04,46.290001,46.830002,46.110001,46.82,39.891163,22706300
2014-02-13,47.240002,47.459999,47.0,47.310001,40.308655,18833600
2014-02-18,46.470001,46.5,45.450001,45.98,39.17548,34912800
2014-02-19,45.740002,46.84,45.560001,46.529999,39.644077,34094900
2014-02-21,47.549999,48.25,47.18,47.27,40.274567,60808800
2014-02-24,47.02,47.200001,46.23,46.23,39.388481,616620500
2014-02-27,46.34,47.779999,46.279999,47.5,40.470531,139433900
2014-03-04,47.540001,48.389999,47.470001,47.900002,40.811337,52231200
2014-03-10,46.790001,47.060001,46.5,47.029999,40.07008,32384500
2014-03-11,46.73,46.790001,46.360001,46.700001,39.788921,42625900
2014-03-12,46.57,46.610001,46.130001,46.360001,39.499245,45522100
2014-03-13,46.349998,46.560001,45.959999,46.029999,39.218075,35184200
2014-03-18,46.32,46.75,46.200001,46.700001,39.788921,26373700
2014-03-19,46.630001,46.990002,46.189999,46.360001,39.499245,35065200
2014-03-21,47.299999,47.41,46.700001,46.91,39.967846,38716800
2014-03-27,46.98,47.700001,46.970001,47.689999,40.632416,32560000
2014-03-28,47.630001,47.93,47.150002,47.419998,40.402374,25700300
2014-04-03,47.939999,48.169998,47.610001,48.119999,40.998779,19320900
2014-04-10,47.709999,48.459999,47.419998,47.470001,40.895401,33518300
2014-04-11,47.349998,47.439999,47.02,47.07,40.550797,25822600
2014-04-17,46.869999,47.700001,46.869999,47.599998,41.007401,23240500
2014-04-21,47.77,48.0,47.75,47.98,41.334763,13280800
2014-04-23,47.299999,47.669998,46.75,47.43,40.860943,38239700
2014-04-24,47.400002,47.490002,46.07,46.279999,39.870213,41610900
2014-04-25,46.080002,46.25,45.849998,45.939999,39.577305,24429400
2014-04-28,46.220001,46.689999,46.150002,46.599998,40.145889,22320800
2014-05-01,46.630001,47.23,46.599998,47.220001,40.680023,22778800
2014-05-05,47.139999,47.43,47.029999,47.389999,40.826485,12612600
2014-05-07,47.52,48.43,47.450001,48.099998,41.438137,23606200
2014-05-08,48.07,48.630001,48.07,48.490002,41.774132,17359200
2014-05-12,48.59,48.630001,48.02,48.16,41.489834,13579300
2014-05-13,48.32,48.34,47.639999,47.849998,41.222767,18017000
2014-05-16,48.709999,49.299999,48.540001,49.07,42.2738,29384000
2014-05-20,49.360001,49.380001,48.619999,48.650002,41.911968,14022500
2014-05-21,48.900002,49.360001,48.82,49.169998,42.359951,13949800
2014-05-22,49.299999,49.509998,49.25,49.450001,42.601173,13753400
2014-05-23,49.470001,49.740002,49.380001,49.740002,42.851009,12049800
2014-06-03,49.75,49.82,49.189999,49.290001,42.463333,19683700
2014-06-12,49.27,49.349998,48.75,49.040001,42.247955,11516700
2014-06-23,49.360001,49.759998,49.119999,49.73,42.842384,11850700
2014-06-24,49.740002,49.790001,49.189999,49.279999,42.454712,13541700
2014-06-30,49.27,49.450001,48.810001,48.93,42.153191,16795200
2014-07-01,48.880001,49.549999,48.82,49.369999,42.532249,14298500
2014-07-02,49.52,49.73,49.32,49.66,42.782078,11576100
2014-07-08,49.009998,49.07,48.759998,48.759998,42.459068,12848400
2014-07-10,48.59,49.77,48.540001,49.639999,43.225338,18423500
2014-07-11,49.849998,50.43,49.669998,50.32,43.817471,17741200
2014-07-17,50.790001,50.98,50.240002,50.32,43.817471,11485100
2014-07-18,50.619999,50.849998,50.450001,50.75,44.191917,10129500
2014-07-22,50.98,51.139999,50.41,50.98,44.392185,15037300
2014-07-29,53.189999,53.66,51.880001,51.970001,45.254253,32965500
2014-07-31,51.259998,51.380001,50.349998,50.419998,43.904549,21255000
2014-08-01,50.52,50.52,49.830002,49.830002,43.390797,18254100
2014-08-04,50.040001,50.299999,49.639999,50.209999,43.721687,11693900
2014-08-11,48.889999,49.040001,48.610001,48.669998,42.380692,11839200
2014-08-25,48.68,49.16,48.68,49.150002,42.798664,9913500
2014-09-02,49.82,50.0,49.5,49.77,43.338543,8724400
2014-09-09,49.419998,49.52,48.799999,48.900002,42.580967,14611400
2014-09-12,49.0,49.0,48.259998,48.400002,42.145588,15339200
2014-09-17,49.049999,49.48,48.950001,49.209999,42.85091,16319500
2014-09-19,50.040001,50.380001,49.830002,50.349998,43.84359,30872000
2014-09-29,49.619999,49.790001,49.209999,49.75,43.321129,9218300
2014-10-01,49.73,49.950001,49.400002,49.43,43.04248,16816100
2014-10-03,49.700001,49.830002,49.5,49.709999,43.286289,12066500
2014-10-06,49.950001,50.259998,49.919998,50.080002,43.608486,11034400
2014-10-10,49.0,49.5,48.939999,48.939999,43.092869,19405900
2014-10-13,49.049999,49.459999,48.360001,48.369999,42.590977,19600500
2014-10-22,48.689999,48.84,48.259998,48.310001,42.538143,13316000
2014-10-27,48.779999,49.540001,48.73,49.419998,43.515526,13089800
2014-10-29,50.049999,50.25,49.549999,49.830002,43.876541,11724200
2014-11-04,50.41,50.919998,50.130001,50.330002,44.316807,14042000
2014-11-07,50.330002,50.869999,50.119999,50.860001,44.783482,14008700
2014-11-14,51.259998,51.73,51.18,51.5,45.347015,12742100
2014-11-24,49.549999,49.889999,48.860001,49.5,43.585972,17759800
2014-11-26,49.369999,50.169998,49.32,50.040001,44.061455,11960700
2014-12-02,49.799999,50.02,49.049999,49.110001,43.242569,18141000
2014-12-03,49.02,49.02,48.279999,48.790001,42.960796,22429200
2014-12-08,48.77,49.34,48.560001,48.900002,43.057652,14386300
2014-12-09,47.5,47.560001,46.200001,46.919998,41.314217,49742000
2014-12-10,46.950001,46.98,45.669998,46.18,40.662628,33700700
2014-12-15,46.060001,46.060001,45.09,45.419998,39.993431,21712200
2014-12-17,45.400002,46.689999,45.299999,46.439999,40.891563,23696700
2014-12-18,47.349998,47.349998,46.509998,47.049999,41.428688,22898400
2014-12-24,47.669998,47.869999,47.380001,47.669998,41.974613,7840600
2014-12-29,47.619999,47.790001,47.299999,47.549999,41.86895,8878400
2014-12-31,47.080002,47.400002,46.700001,46.779999,41.190945,14029500
2015-01-06,46.790001,47.380001,46.470001,47.040001,41.419888,22950100
2015-01-07,46.919998,47.040001,46.049999,46.189999,41.152596,20793600
2015-01-12,47.0,47.27,46.669998,47.080002,41.945538,12730300
2015-01-16,47.130001,48.029999,47.119999,47.990002,42.75629,18050200
2015-01-22,48.119999,48.48,46.91,47.799999,42.587006,38451100
2015-01-23,47.849998,47.93,46.98,47.150002,42.007893,24317800
2015-01-30,45.830002,46.509998,45.560001,45.709999,40.724941,22768000
2015-02-02,46.200001,47.150002,45.759998,46.98,41.856441,23172300
2015-02-04,47.669998,48.310001,47.66,47.799999,42.587006,19937400
2015-02-06,48.25,49.759998,48.0,49.330002,43.950153,47425400
2015-02-10,49.25,49.560001,49.009998,49.509998,44.110516,15100800
2015-02-17,48.950001,49.32,48.889999,49.18,43.816509,15363700
2015-02-25,49.32,49.400002,49.029999,49.200001,43.834328,11398900
2015-03-04,49.560001,49.560001,48.919998,49.07,43.718502,13870600
2015-03-06,48.490002,48.630001,48.23,48.290001,43.023567,15644900
2015-03-10,48.110001,48.330002,47.459999,47.509998,42.32864,18764700
2015-03-12,47.939999,48.759998,47.799999,48.73,43.415592,15806000
2015-03-16,48.959999,49.400002,48.630001,49.27,43.89669,16111200
2015-03-17,49.009998,49.299999,48.869999,48.950001,43.611595,15679200
2015-03-18,48.75,49.689999,48.48,49.540001,44.137249,17978300
2015-03-26,48.619999,48.950001,48.400002,48.419998,43.139393,17919400
2015-03-30,48.73,49.299999,48.709999,49.119999,43.763054,11157600
2015-03-31,49.09,49.150002,48.580002,48.630001,43.3265,12785700
2015-04-01,48.450001,49.27,48.43,48.919998,43.584862,13573600
2015-04-02,48.889999,49.599998,48.860001,49.470001,44.074879,13344200
2015-04-07,49.810001,49.810001,49.25,49.27,43.89669,11498700
2015-04-17,48.98,49.119999,48.700001,48.900002,44.058872,18105100
2015-04-20,49.150002,49.48,49.049999,49.380001,44.49136,17062500
2015-04-22,49.459999,49.689999,49.32,49.57,44.662544,18687000
2015-04-23,49.619999,50.200001,49.450001,50.049999,45.095024,22580200
2015-04-28,50.34,50.639999,50.07,50.549999,45.545525,16342000
2015-05-05,50.689999,50.689999,50.060001,50.09,45.131065,12646200
2015-05-06,50.07,50.169998,49.360001,49.639999,44.725613,15513300
2015-05-08,50.189999,50.369999,49.950001,50.139999,45.176113,13264100
2015-05-11,50.139999,50.279999,49.790001,49.799999,44.86977,9900500
2015-05-21,49.68,50.099998,49.669998,49.900002,44.959877,15667600
2015-05-22,49.759998,49.889999,49.580002,49.610001,44.698586,12324400
2015-06-02,49.220001,49.310001,48.98,49.139999,44.27512,11094100
2015-06-08,47.25,47.779999,47.049999,47.439999,42.74342,16598600
2015-06-11,47.610001,47.880001,47.52,47.759998,43.031734,10029700
2015-06-12,47.75,47.75,47.209999,47.25,42.572224,10619100
2015-06-15,47.139999,47.220001,46.93,47.0,42.346981,10875800
2015-06-16,46.990002,47.490002,46.91,47.419998,42.725395,10862000
2015-06-29,47.279999,47.720001,46.75,46.77,42.139751,15032400
2015-07-01,46.639999,47.110001,46.57,47.0,42.346981,12545900
2015-07-10,46.84,47.330002,46.720001,47.0,42.845707,14727100
2015-07-16,47.48,47.860001,47.450001,47.830002,43.602352,11011400
2015-07-17,47.779999,47.950001,47.5,47.59,43.383564,10160400
2015-07-20,47.630001,48.259998,47.419998,48.099998,43.84848,17246700
2015-07-21,46.98,47.349998,46.57,46.970001,42.818363,31961600
2015-07-22,46.790001,46.84,46.110001,46.450001,42.344326,21026600
2015-07-24,46.439999,46.48,45.959999,46.040001,41.970566,19528700
2015-07-29,46.0,46.900002,45.970001,46.560001,42.444607,15968700
2015-08-07,46.57,46.75,46.169998,46.360001,42.262272,10538000
2015-08-11,47.540001,48.209999,47.48,47.599998,43.39267,18511000
2015-08-14,47.619999,47.630001,47.43,47.490002,43.2924,8769500
2015-08-20,47.049999,47.389999,46.880001,46.880001,42.736313,13785900
2015-08-24,44.349998,45.869999,38.060001,44.740002,40.785469,36096800
2015-08-25,45.759998,45.759998,43.5,43.5,39.655067,27851500
2015-08-26,44.380001,45.310001,44.0,45.16,41.168343,30856900
2015-08-27,45.779999,46.290001,45.169998,46.189999,42.107304,21488000
2015-09-01,45.09,45.549999,44.68,44.900002,40.931332,21096300
2015-09-03,45.630001,46.150002,45.52,45.720001,41.678856,12480800
2015-09-10,45.369999,45.610001,45.029999,45.459999,41.441826,16412900
2015-09-11,45.439999,45.75,45.259998,45.73,41.687958,11227400
2015-09-16,46.439999,46.470001,46.099998,46.189999,42.107304,11932500
2015-09-21,44.619999,44.889999,44.529999,44.799999,40.840168,10584300
2015-09-22,44.43,44.529999,44.110001,44.43,40.502876,12368600
2015-09-23,44.360001,44.48,43.900002,43.98,40.092648,11670300
2015-09-28,44.009998,44.18,43.689999,43.740002,39.873859,15265200
2015-10-01,43.490002,43.639999,42.689999,42.959999,39.162804,22323500
2015-10-05,43.240002,44.02,43.240002,44.0,40.110878,14484600
2015-10-08,43.68,44.310001,43.549999,44.23,40.844311,10280900
2015-10-14,44.259998,44.540001,43.93,43.990002,40.622688,19559200
2015-10-15,44.240002,44.700001,44.060001,44.669998,41.250626,11774000
2015-10-20,44.919998,45.799999,44.790001,45.240002,41.776997,19627900
2015-10-21,45.439999,45.709999,44.709999,44.860001,41.426086,17081800
2015-10-22,44.98,45.900002,44.98,45.889999,42.377239,15378600
2015-10-23,46.139999,46.330002,45.939999,46.16,42.626575,13285100
2015-10-28,46.439999,46.799999,46.060001,46.48,42.922077,11447300
2015-10-30,46.43,46.98,46.279999,46.880001,43.291454,14753200
2015-11-03,46.700001,46.75,46.18,46.450001,42.894371,11900900
2015-11-04,46.580002,46.650002,46.040001,46.139999,42.608101,9702000
2015-11-06,45.990002,46.029999,45.290001,45.779999,42.275661,14144400
2015-11-10,45.27,45.330002,44.799999,45.099998,41.647713,9996700
2015-11-12,45.02,45.09,44.77,44.830002,41.398384,11053500
2015-11-13,44.73,44.990002,44.220001,44.23,40.844311,12615600
2015-11-16,44.259998,45.07,44.18,45.040001,41.592308,10112500
2015-11-18,45.080002,45.43,44.580002,45.380001,41.906281,13585600
2015-11-19,45.439999,45.869999,45.349998,45.759998,42.257191,9320900
2015-11-25,45.110001,45.130001,44.889999,44.919998,41.481491,7013900
2015-12-08,45.669998,45.990002,45.439999,45.700001,42.201786,13776100
2015-12-09,45.580002,46.130001,45.119999,45.360001,41.88781,13467900
2015-12-11,45.32,45.349998,44.73,44.82,41.389149,16481900
2015-12-14,44.84,45.5,44.68,45.450001,41.970924,16723100
2015-12-21,45.73,45.919998,45.52,45.900002,42.386482,10360600
2015-12-22,46.200001,46.459999,45.849998,46.34,42.792793,11181500
2015-12-23,46.509998,47.150002,46.389999,46.950001,43.356102,12685500
2015-12-24,46.91,46.970001,46.599998,46.709999,43.134468,4279900
2015-12-31,46.52,46.650002,46.209999,46.220001,42.681984,11394800
2016-01-07,45.119999,45.669998,45.0,45.27,42.318897,19277600
2016-01-13,45.110001,45.27,44.080002,44.150002,41.271912,19291000
2016-01-15,44.040001,44.549999,43.860001,44.43,41.533653,27774500
2016-01-19,44.740002,45.009998,44.529999,44.869999,41.944969,20364300
2016-01-20,44.380001,44.77,43.790001,44.419998,41.524307,28290200
2016-01-21,45.0,46.330002,44.43,45.869999,42.879784,31354100
2016-01-22,46.41,47.119999,46.0,47.040001,43.973518,23075700
2016-01-26,47.130001,48.27,47.049999,48.25,45.104633,22620900
2016-01-27,48.290001,49.490002,48.25,49.029999,45.833786,33795700
2016-01-29,49.389999,49.990002,49.220001,49.970001,46.712509,29082600
2016-02-01,49.939999,51.02,49.689999,50.759998,47.451012,28536600
2016-02-02,50.610001,50.630001,49.650002,49.91,46.656425,21607000
2016-02-03,50.25,50.619999,49.419998,50.619999,47.320145,20309800
2016-02-05,50.32,51.200001,50.310001,50.970001,47.64732,25790300
2016-02-09,50.060001,50.610001,49.349998,50.150002,46.880779,22633900
2016-02-11,49.599998,50.099998,49.27,49.389999,46.170319,30521000
2016-02-12,49.540001,50.189999,49.349998,50.110001,46.84338,20990900
2016-02-18,50.119999,51.099998,49.959999,50.939999,47.619274,19678500
2016-02-23,50.970001,50.990002,50.360001,50.630001,47.329491,11594600
2016-02-26,51.150002,51.34,50.919998,51.02,47.694061,13011500
2016-03-01,50.990002,51.470001,50.98,51.459999,48.105373,12003300
2016-03-02,51.459999,52.200001,51.189999,52.119999,48.722355,14791100
2016-03-08,52.049999,52.75,51.93,52.459999,49.040184,14306500
2016-03-16,52.669998,53.380001,52.400002,53.209999,49.741302,11866400
2016-03-23,53.130001,53.23,52.82,52.91,49.460854,9716100
2016-03-24,52.740002,53.619999,52.66,53.560001,50.068481,15096400
2016-03-29,53.509998,54.080002,53.299999,54.049999,50.526539,10770500
